-3.5593e-01 -2.8856e-01 2.4706e-01 7.3216e-01 8.7698e-01 1.0000e+00 -1.0000e+00 -8.9795e-01 -9.6461e-01 9.7248e-01 -3.8710e-01 4.0392e-01 9.5154e-01 -7.8448e-01 4.1637e-02 -5.0161e-01 -3.4892e-01 -5.6764e-01 -1.3469e-02 -4.2795e-01 4.2975e-01 -2.7955e-01 -2.3894e-02 -1.8348e-01 -4.1182e-01 -7.6651e-01 8.1399e-02 4.1812e-01 -7.4240e-01 -5.4437e-01 2.6362e-01 -7.5224e-01 -5.3556e-01 -5.4962e-01
-3.8746e-01 6.5299e-02 4.6027e-01 -1.7350e-01 5.1340e-01 1.0000e+00 -7.5413e-01 9.2058e-02 4.2460e-01 3.1799e-01 -6.3288e-01 1.0303e-01 -2.8633e-02 -9.1309e-01 -3.2528e-01 -3.8000e-01 -2.4732e-01 -3.9821e-01 -3.1046e-01 -7.4372e-01 2.5032e-01 -3.3042e-01 9.5867e-02 -2.3482e-01 -6.7048e-01 -9.2894e-01 -1.5016e-01 5.2810e-02 -8.4814e-01 -3.1916e-02 2.2379e-01 -8.5034e-01 -7.3592e-02 -7.9078e-01
1.6581e-01 6.4345e-02 4.7938e-01 7.7212e-01 -2.6199e-01 1.0000e+00 -6.5477e-01 -2.5618e-01 5.0316e-02 7.6395e-01 -6.8032e-01 2.8793e-01 6.0339e-01 -9.3140e-01 -1.0908e-01 1.3908e-01 -1.9729e-01 -3.1543e-01 -3.7812e-02 -7.9313e-01 4.1428e-01 -3.3946e-01 9.8035e-02 8.8292e-02 -4.3567e-01 -9.4687e-01 6.0358e-02 1.7543e-01 -8.2806e-01 2.2487e-01 2.3181e-01 -8.1528e-01 3.9345e-01 -6.5885e-01
1.9334e-01 1.0002e-02 2.9526e-01 7.7043e-01 -9.7971e-02 1.0000e+00 -1.8208e-01 8.2555e-02 -6.7490e-02 4.6308e-01 -7.3563e-01 4.0434e-02 1.6016e-01 -9.5011e-01 -3.9176e-01 3.3075e-01 -2.9735e-01 -5.3151e-01 -1.4768e-01 -8.4290e-01 1.2377e-01 -3.7291e-01 1.0690e-01 4.7342e-02 -5.3741e-01 -9.6289e-01 -2.9694e-01 3.3515e-01 -9.1511e-01 -3.1845e-01 -5.5781e-01 -9.1842e-01 -2.9670e-01 -7.9126e-01
1.2686e-03 2.5773e-01 1.0000e+00 7.7043e-01 -9.7971e-02 1.0000e+00 -1.8208e-01 8.2555e-02 -6.7490e-02 3.2607e-01 -7.2663e-01 -6.8964e-02 -1.8543e-02 -9.4726e-01 -4.9981e-01 -3.3577e-02 -1.9503e-02 8.3067e-01 -3.6433e-01 -8.3697e-01 4.4785e-01 -3.2152e-01 3.5654e-01 1.8099e-01 -7.0987e-01 -9.6109e-01 1.0629e-01 -4.8638e-01 -9.1421e-01 -5.1832e-01 -5.2586e-01 -8.9910e-01 -4.1483e-01 -7.2294e-01
-4.2376e-01 -1.9395e-01 1.5933e-01 8.0954e-01 8.7513e-01 1.0000e+00 -1.0000e+00 -9.6633e-01 -9.8637e-01 1.0000e+00 -4.0741e-01 3.7140e-01 1.0000e+00 -7.9726e-01 -1.7931e-03 -5.7694e-01 -3.7827e-01 -6.5419e-01 4.1160e-02 -4.7123e-01 3.7437e-01 -2.0227e-01 3.8966e-02 -1.9068e-01 -3.5659e-01 -7.9366e-01 6.9909e-03 1.2469e-01 -9.3118e-01 -8.0952e-01 -4.5159e-01 -8.6825e-01 -7.5086e-01 -6.1594e-01
-6.5324e-01 -8.8162e-02 -1.4976e-01 -4.1243e-01 1.9725e-01 8.8896e-01 -6.5809e-01 -2.0361e-01 5.6142e-01 -3.9489e-01 -6.9038e-01 -1.9749e-01 -7.2038e-01 -9.3502e-01 -6.1351e-01 -6.9087e-01 -3.3864e-01 -9.5673e-01 -2.3804e-01 -7.7601e-01 -2.2878e-01 -1.3828e-01 1.5080e-01 -1.1961e-01 -6.1389e-01 -9.4089e-01 -6.3367e-01 -9.6167e-01 -9.1908e-01 -9.0969e-01 -8.7040e-01 -9.2915e-01 -8.1390e-01 -9.3930e-01
-3.2547e-01 -1.7657e-01 4.9760e-01 -1.3097e-01 1.9725e-01 8.8896e-01 -6.5809e-01 -2.0361e-01 5.6142e-01 1.6734e-01 -6.1956e-01 -8.4624e-02 -2.0748e-01 -9.0757e-01 -5.1443e-01 -3.0582e-01 -2.8542e-01 1.2606e-01 -4.2826e-01 -6.8309e-01 1.1876e-01 -3.1928e-01 -9.4058e-02 -1.4153e-01 -7.5361e-01 -9.0416e-01 -3.0247e-01 -3.7491e-02 -8.5606e-01 2.0766e-01 3.6169e-01 -8.8261e-01 4.8527e-01 -8.2341e-01
-1.2189e-01 -2.8184e-01 9.8456e-01 -1.3097e-01 -7.0302e-01 -2.9911e-01 5.1742e-01 1.8252e-01 7.4991e-01 -6.4234e-01 -8.3366e-01 -7.7044e-01 -8.6885e-01 -9.7623e-01 -9.4638e-01 -1.8300e-01 -3.8701e-01 9.0988e-01 -9.0919e-01 -8.1992e-01 1.0246e-01 -3.5327e-01 -6.4141e-01 -7.1506e-02 -9.7827e-01 -9.5575e-01 -3.2031e-01 -8.1384e-01 -9.5213e-01 -8.7644e-01 -7.5104e-01 -9.6493e-01 -8.3733e-01 -9.1922e-01
6.2004e-02 4.2553e-02 6.0629e-01 6.9048e-01 8.0608e-02 9.9896e-01 -5.7862e-01 2.7848e-02 -5.3058e-01 7.5365e-01 -6.8476e-01 4.0939e-01 5.8705e-01 -9.3302e-01 4.9035e-02 3.8223e-02 -2.5922e-01 1.4393e-02 -1.1775e-01 -7.9544e-01 5.7369e-01 -3.4811e-01 4.6209e-02 8.5595e-02 -5.1065e-01 -9.4766e-01 2.8706e-01 1.8900e-01 -9.2923e-01 2.4788e-01 3.1909e-01 -9.2198e-01 4.4621e-01 -6.4290e-01
3.8274e-01 -2.2626e-02 1.9779e-01 -9.6959e-02 -1.1167e-01 -9.1645e-02 6.0187e-01 7.7485e-01 8.6318e-01 -5.5281e-01 -7.7863e-01 -6.7214e-01 -8.2058e-01 -9.6267e-01 -9.0947e-01 4.4524e-01 -3.8150e-01 -4.7573e-01 -2.2247e-01 -8.7907e-01 -4.9143e-01 -4.7930e-01 1.4303e-01 3.2916e-01 -6.0117e-01 -9.7325e-01 -8.1550e-01 -8.6322e-01 -1.0000e+00 -7.5734e-01 -9.0470e-01 -9.8568e-01 -8.7666e-01 -8.6035e-01
1.2882e-01 -1.1597e-01 7.3558e-01 -9.6959e-02 -1.1167e-01 -1.4139e-02 5.1910e-01 5.9810e-01 8.6318e-01 -3.3729e-01 -7.2588e-01 -6.1887e-01 -6.7904e-01 -9.4702e-01 -8.8597e-01 3.0541e-02 -3.7992e-01 4.6491e-01 -5.4608e-01 -8.0210e-01 -5.4592e-02 -3.9872e-01 -1.6497e-01 3.2003e-01 -8.2569e-01 -9.4991e-01 -4.8057e-01 -2.5225e-01 -8.9452e-01 -4.8227e-01 -2.4758e-01 -8.8687e-01 -3.8057e-01 -8.1526e-01
-3.7808e-02 -5.5396e-01 7.9851e-01 -5.7398e-01 -7.9687e-01 -1.4139e-02 5.1910e-01 5.6234e-01 1.0000e+00 -1.0000e+00 -8.7499e-01 -8.1643e-01 -1.0000e+00 -9.8455e-01 -9.6078e-01 -4.1878e-02 -7.7765e-01 4.3424e-01 -1.0000e+00 -6.7944e-01 -7.4308e-02 -4.6116e-01 -9.8200e-01 1.0153e-01 -1.0000e+00 -9.0257e-01 -4.9920e-01 -9.9699e-01 -9.0969e-01 -8.3789e-01 -9.4716e-01 -9.7854e-01 -8.6885e-01 -8.4704e-01
2.8010e-01 4.0036e-01 3.7458e-01 -7.3163e-02 3.9495e-01 -6.4406e-02 1.4656e-01 1.0000e+00 5.8773e-01 -1.9180e-01 -6.1800e-01 -5.5368e-01 -5.6323e-01 -9.0691e-01 -8.5387e-01 3.9363e-01 -2.1395e-01 -1.3876e-01 -2.9058e-01 -6.9890e-01 -2.9406e-01 -2.6344e-01 4.1099e-01 3.5687e-01 -6.5536e-01 -9.1091e-01 -6.8437e-01 -3.3454e-01 -8.1128e-01 -6.1895e-01 -5.4703e-01 -9.3196e-01 -6.5616e-01 -7.6755e-01
1.6984e-01 1.9085e-01 5.6502e-01 -7.4007e-02 3.9495e-01 -6.4406e-02 1.4656e-01 7.0438e-01 5.8773e-01 -3.7813e-01 -5.1834e-01 -5.8221e-01 -7.0861e-01 -8.6018e-01 -8.6837e-01 2.2807e-01 -3.6401e-01 3.1176e-01 -5.0615e-01 -6.2557e-01 -1.7172e-01 -3.8639e-01 1.5608e-01 3.5777e-01 -8.0250e-01 -8.7784e-01 -5.8638e-01 -7.1963e-01 -6.7562e-01 -8.8584e-01 -7.3790e-01 -7.8230e-01 -7.7169e-01 -6.8447e-01
-3.5042e-01 -3.8050e-01 3.1539e-01 7.2195e-01 1.3153e-02 9.4765e-01 -1.0000e+00 -8.4219e-01 -7.9789e-01 6.7699e-01 -4.4938e-01 3.2062e-02 4.6811e-01 -8.2241e-01 -4.0040e-01 -3.3075e-01 -4.2672e-01 -4.7940e-01 -1.6325e-01 -4.5887e-01 1.2504e-01 -2.8111e-01 -1.5213e-01 -1.6818e-01 -5.5106e-01 -7.8606e-01 -2.9553e-01 1.9828e-01 -7.0035e-01 -6.1592e-01 2.6874e-01 -6.6270e-01 -4.9623e-01 -6.6760e-01
-3.3079e-01 -3.5281e-01 3.3706e-01 4.2091e-01 4.5051e-01 9.8955e-01 -1.0000e+00 -8.5170e-01 -9.9815e-01 8.6979e-01 -5.1745e-01 1.9310e-01 7.7591e-01 -8.5972e-01 -2.2367e-01 -3.2422e-01 -5.1008e-01 -3.5146e-01 -7.7763e-02 -5.3053e-01 2.7320e-01 -2.6276e-01 -2.4128e-01 -1.1144e-01 -4.7378e-01 -8.2833e-01 -1.2217e-01 3.5131e-01 -8.0563e-01 -1.4151e-01 4.9931e-01 -7.9666e-01 -7.9074e-02 -5.9111e-01
4.8450e-01 1.0345e-01 3.1457e-01 9.6257e-01 1.3160e-01 1.0000e+00 6.7387e-01 7.0328e-01 6.3211e-01 -1.3183e-01 -6.4079e-01 -2.2557e-01 -5.1075e-01 -9.1629e-01 -6.3645e-01 4.4586e-01 -4.0214e-01 -4.9022e-01 3.6485e-02 -7.5441e-01 -8.9738e-02 -4.0170e-01 1.1751e-01 5.2267e-01 -3.6141e-01 -9.3299e-01 -5.1355e-01 -7.9761e-01 -8.8711e-01 -5.9643e-01 -6.2379e-01 -9.3914e-01 -5.7996e-01 -6.3445e-01
3.5349e-01 1.5423e-01 6.4281e-01 9.6257e-01 1.3160e-01 1.0000e+00 6.7387e-01 7.0328e-01 6.3211e-01 -7.1575e-03 -6.3324e-01 -1.8206e-01 -3.9276e-01 -9.1323e-01 -6.0061e-01 2.0614e-01 -2.7505e-01 2.2164e-01 -1.2741e-01 -7.4728e-01 1.3321e-01 -3.4979e-01 9.9601e-02 6.5617e-01 -5.1936e-01 -9.3030e-01 -2.8646e-01 -2.0397e-01 -7.5708e-01 -3.0649e-01 -3.5367e-01 -8.1378e-01 -1.3649e-01 -6.2589e-01
3.4336e-01 2.5067e-01 2.0036e-01 -2.5749e-03 7.1206e-01 -4.0178e-01 -5.6271e-02 7.0328e-01 6.8287e-01 -2.2457e-01 -4.5866e-01 -6.5730e-01 -5.9074e-01 -8.2776e-01 -9.0317e-01 4.2389e-01 -3.6873e-01 -3.8024e-01 -2.0677e-01 -5.5944e-01 -4.7980e-01 -3.1933e-01 2.2768e-01 3.0918e-01 -5.8816e-01 -8.4419e-01 -8.0869e-01 -5.0044e-01 -8.3529e-01 -5.3488e-01 -7.1674e-01 -9.6422e-01 -6.0888e-01 -7.2904e-01
-3.0620e-01 -3.1710e-01 5.6176e-01 6.2246e-01 9.3074e-01 7.5906e-01 -5.9270e-01 -3.1407e-01 -6.5832e-01 4.5798e-01 -4.9393e-01 6.2967e-02 1.5325e-01 -8.4732e-01 -3.6822e-01 -2.6784e-01 -4.9425e-01 2.2521e-01 -2.9664e-01 -5.2112e-01 2.6898e-01 -2.7074e-01 -3.7412e-01 -2.1583e-01 -6.6001e-01 -8.2303e-01 -1.2736e-01 1.0181e-02 -7.8558e-01 -2.7517e-01 1.5740e-01 -7.5508e-01 -1.0552e-02 -6.5150e-01
-4.8639e-01 -3.2953e-01 1.6708e-01 -1.3097e-01 -4.2409e-02 9.3086e-01 -1.0000e+00 -8.4115e-01 3.3849e-01 3.7109e-01 -5.3648e-01 -3.2086e-01 3.8573e-02 -8.6938e-01 -7.0920e-01 -5.5560e-01 -4.1959e-01 -4.3067e-01 -1.9582e-01 -5.5600e-01 -2.3972e-01 -1.5467e-01 -6.8516e-02 -2.4063e-01 -5.7897e-01 -8.4234e-01 -6.4242e-01 -8.9331e-02 -7.4025e-01 -6.4141e-01 -3.1660e-01 -8.0597e-01 -5.8271e-01 -8.1966e-01
-3.9905e-01 -3.6219e-02 3.7215e-01 -6.7925e-03 5.5260e-01 1.0000e+00 -3.1952e-01 -3.5087e-01 5.1250e-01 3.7560e-01 -5.7485e-01 9.9758e-02 4.4380e-02 -8.8781e-01 -3.2884e-01 -5.7341e-01 -2.5922e-01 -6.4506e-01 -2.7421e-01 -6.7105e-01 2.0734e-01 -2.6634e-01 4.1652e-02 -1.9676e-01 -6.4268e-01 -8.9888e-01 -2.0154e-01 2.3231e-01 -9.4636e-01 -1.1191e-01 1.3112e-01 -9.3697e-01 -2.2064e-01 -7.6938e-01
1.7372e-01 3.8532e-01 -2.7305e-01 -2.6371e-02 4.7877e-01 -6.2182e-01 -8.4519e-01 8.2429e-01 2.2433e-01 9.0174e-01 -5.0944e-01 -3.5596e-01 8.2968e-01 -8.5556e-01 -7.3401e-01 4.5887e-01 -2.3460e-01 -4.1261e-01 3.2660e-02 -5.9365e-01 -3.9569e-01 -2.9507e-01 2.8991e-01 -1.3352e-01 -3.6534e-01 -8.6205e-01 -7.5605e-01 -3.7297e-02 -8.2446e-01 -1.4024e-01 -1.7289e-02 -8.8328e-01 1.2320e-01 -6.2833e-01
-6.4094e-01 -4.0777e-02 1.5354e-02 -3.7758e-01 -6.4291e-02 1.0000e+00 -2.3425e-01 6.8878e-02 7.7520e-02 -5.5703e-03 -7.3839e-01 4.7195e-02 -3.9118e-01 -9.5097e-01 -3.8475e-01 -6.4818e-01 -3.4651e-01 -7.0818e-01 -1.4684e-01 -8.3501e-01 3.6287e-02 -2.1166e-01 1.4192e-01 -2.2393e-01 -5.3667e-01 -9.6049e-01 -3.9040e-01 -8.0120e-02 -8.5914e-01 -7.2558e-01 1.4523e-02 -8.4750e-01 -6.5657e-01 -8.0390e-01
-3.6566e-01 2.6237e-01 6.3597e-01 -2.6446e-01 -6.4291e-02 1.0000e+00 -2.3425e-01 6.8878e-02 7.7520e-02 9.0677e-03 -7.0209e-01 1.6756e-01 -3.7652e-01 -9.3911e-01 -2.5320e-01 -3.8353e-01 -6.3939e-02 4.1806e-01 -4.7132e-01 -8.1106e-01 3.9096e-01 -3.5496e-01 2.2851e-01 -3.8213e-01 -7.8124e-01 -9.5288e-01 2.9016e-02 -4.1563e-01 -8.9184e-01 3.3313e-01 -3.1936e-01 -8.7902e-01 1.7336e-01 -7.5701e-01
-3.0134e-01 4.1168e-01 9.6424e-01 -2.6446e-01 -8.6126e-02 2.2368e-01 2.8399e-01 9.9368e-01 7.7986e-01 -5.7892e-01 -8.7610e-01 -6.5111e-01 -8.3530e-01 -9.8475e-01 -9.0049e-01 -3.7464e-01 4.0809e-02 7.1712e-01 -7.9276e-01 -9.3038e-01 1.2344e-01 -3.9689e-01 6.4441e-01 -3.8778e-01 -9.4079e-01 -9.8608e-01 -2.9730e-01 -7.1533e-01 -9.7308e-01 -8.8055e-01 -7.0871e-01 -9.6276e-01 -7.9800e-01 -9.0606e-01
-2.9811e-01 -3.5949e-01 3.4441e-01 1.9130e-01 7.4574e-01 7.2345e-01 -1.0000e+00 -5.1604e-01 -3.1758e-01 5.4684e-01 -5.4590e-01 -1.2031e-02 2.7654e-01 -8.7403e-01 -4.4487e-01 -2.8863e-01 -4.6167e-01 -3.6952e-01 -2.5607e-01 -5.5358e-01 1.0044e-01 -2.9653e-01 -1.9809e-01 -1.4089e-01 -6.2837e-01 -8.4103e-01 -3.2251e-01 -7.8860e-03 -7.6661e-01 -3.6563e-01 1.0443e-01 -7.7228e-01 -3.5672e-01 -7.3440e-01
2.7404e-01 2.0751e-01 6.8745e-02 2.5678e-01 1.0000e+00 6.8888e-01 -1.9284e-01 6.1386e-01 3.3305e-01 4.4070e-01 -4.8282e-01 -1.0682e-01 1.2998e-01 -8.4128e-01 -5.3479e-01 3.9004e-01 -3.1957e-01 -4.3603e-01 -6.9972e-02 -5.8754e-01 -9.0288e-02 -3.0238e-01 2.1528e-01 1.1268e-01 -4.6645e-01 -8.5893e-01 -5.1406e-01 -1.9217e-01 -8.8784e-01 -4.9716e-01 -6.1618e-01 -9.3914e-01 -3.2808e-01 -6.4562e-01
1.6092e-01 6.7146e-01 -2.0068e-01 9.0819e-01 1.0000e+00 6.8888e-01 -1.9284e-01 -1.0678e-01 2.7689e-01 5.9490e-01 -3.9652e-01 7.9727e-02 3.4576e-01 -7.9045e-01 -3.5043e-01 1.0885e-01 1.8535e-01 -8.5767e-01 -1.1955e-01 -4.0885e-01 2.9776e-02 -5.7305e-02 3.0401e-01 -3.9392e-02 -5.1228e-01 -7.5403e-01 -3.9710e-01 9.6959e-02 -6.9422e-01 -3.6285e-01 2.1051e-01 -6.8282e-01 -2.7052e-01 -5.6242e-01
1.1512e-01 6.2266e-01 2.5747e-01 9.0819e-01 1.5624e-01 4.3531e-01 9.1624e-03 -1.0678e-01 2.7689e-01 -2.2919e-01 -6.5319e-01 -2.2045e-01 -5.9455e-01 -9.2119e-01 -6.3232e-01 3.7666e-02 1.1866e-01 7.7516e-02 -5.2126e-01 -6.5604e-01 -1.1382e-01 -1.3000e-01 4.0392e-01 1.3916e-01 -8.1143e-01 -8.9212e-01 -5.3554e-01 -8.2050e-01 -8.6506e-01 1.1895e-02 -7.4592e-01 -9.4059e-01 1.2073e-01 -8.2102e-01
-4.3805e-01 -1.9292e-01 3.1523e-01 3.1378e-01 8.8973e-01 9.0466e-01 -7.5495e-01 -9.2426e-01 -1.0000e+00 4.0456e-01 -3.5980e-01 9.4184e-02 8.2054e-02 -7.6672e-01 -3.3488e-01 -5.0161e-01 -3.9655e-01 -4.7573e-01 -2.2748e-01 -4.2384e-01 1.7845e-01 -1.9509e-01 -2.4038e-02 -2.9297e-01 -6.0529e-01 -7.6384e-01 -2.3520e-01 -7.0877e-02 -8.1414e-01 -1.9755e-01 -1.6833e-01 -7.8372e-01 -4.4950e-02 -6.3572e-01
3.7689e-01 -6.2838e-02 1.4095e-02 2.7378e-01 2.5010e-01 7.7372e-01 -3.9718e-02 -1.0000e+00 6.1673e-01 -2.2819e-01 -6.1733e-01 -5.0880e-01 -5.9373e-01 -9.0662e-01 -8.2964e-01 4.2860e-01 -3.6322e-01 -4.7394e-01 -1.5646e-01 -7.0935e-01 -4.6673e-01 -5.0102e-01 6.8844e-02 1.9579e-01 -5.4513e-01 -9.1526e-01 -8.0091e-01 -9.2576e-01 -9.8462e-01 -9.7287e-01 -9.0747e-01 -9.8422e-01 -9.0558e-01 -8.3846e-01
-4.1083e-01 -2.9041e-01 1.0408e-01 7.7891e-01 6.3005e-01 1.0000e+00 -9.9334e-01 -1.7939e-01 -9.2203e-01 7.8000e-01 -5.4552e-01 1.9931e-01 6.2900e-01 -8.7385e-01 -2.1640e-01 -5.9181e-01 -3.9497e-01 -6.8119e-01 -7.3833e-02 -5.7770e-01 2.0043e-01 -2.0675e-01 1.3163e-03 -1.5565e-01 -4.7009e-01 -8.5384e-01 -2.0966e-01 3.1415e-01 -8.4934e-01 -8.7289e-01 -4.4647e-01 -8.3528e-01 -8.0060e-01 -6.9424e-01
-7.0571e-02 -7.4131e-01 5.9348e-02 7.7891e-01 6.3005e-01 1.0000e+00 -9.9334e-01 -1.7939e-01 -9.2203e-01 6.6402e-01 -5.6717e-01 2.0615e-01 4.4842e-01 -8.8424e-01 -2.0835e-01 3.6427e-02 -9.4358e-01 -7.2982e-01 -2.2043e-01 -3.9480e-01 1.9516e-01 -4.2740e-01 -1.8943e-01 -8.6601e-02 -5.9949e-01 -7.4466e-01 -2.1582e-01 -9.0278e-01 -9.1077e-01 -8.6807e-01 -7.9627e-01 -1.0000e+00 -8.3226e-01 -6.2848e-01
-2.1946e-01 -2.6664e-01 5.5562e-01 5.6959e-02 -9.2548e-02 9.7276e-01 -1.0000e+00 -8.3170e-01 5.4061e-01 6.0803e-01 -5.9015e-01 7.5777e-02 3.6497e-01 -8.9478e-01 -3.5464e-01 -1.8303e-01 -3.1398e-01 -2.2879e-01 -2.5210e-01 -6.2676e-01 2.7590e-01 -3.1769e-01 -2.7613e-01 -1.3475e-01 -6.2520e-01 -8.7841e-01 -1.1884e-01 3.7720e-01 -8.4502e-01 -5.2061e-02 4.0913e-01 -8.6324e-01 -1.2334e-01 -7.4511e-01
3.4042e-01 -1.8192e-02 1.8628e-01 9.4135e-01 2.8661e-02 7.8734e-01 -8.8076e-01 -2.1833e-01 1.9263e-01 6.9052e-01 -6.3300e-01 7.8221e-03 4.8877e-01 -9.1314e-01 -4.2506e-01 3.8533e-01 -3.6873e-01 -6.0913e-01 1.0656e-01 -7.3345e-01 5.2773e-02 -4.1652e-01 1.0181e-01 1.5109e-01 -2.8734e-01 -9.2495e-01 -3.7329e-01 -7.2208e-01 -9.1206e-01 -6.4682e-01 -6.5823e-01 -9.3910e-01 -5.3844e-01 -6.3032e-01
9.6990e-03 6.9369e-02 7.5249e-01 9.4135e-01 2.8661e-02 7.8734e-01 -8.8076e-01 -2.1833e-01 1.9263e-01 8.9381e-01 -5.7480e-01 6.2831e-02 8.1627e-01 -8.8780e-01 -3.6837e-01 -1.6587e-01 -1.7665e-01 3.4412e-01 -7.4794e-02 -6.8331e-01 3.7657e-01 -3.3531e-01 9.1106e-02 4.5358e-02 -4.7099e-01 -9.0425e-01 9.9003e-03 2.5038e-01 -8.5317e-01 -1.5488e-01 4.6750e-01 -8.3748e-01 1.3156e-02 -6.0901e-01
3.2804e-01 4.1151e-03 3.1006e-01 7.3469e-01 -3.0937e-01 8.5544e-01 2.6411e-01 3.5719e-01 3.3400e-01 1.7900e-01 -7.6256e-01 -6.5419e-02 -1.9426e-01 -9.5818e-01 -4.9647e-01 4.0788e-01 -3.7910e-01 -5.0630e-01 -1.0106e-01 -8.6904e-01 3.9951e-02 -4.0098e-01 1.1095e-01 2.4144e-01 -4.9541e-01 -9.7049e-01 -3.8662e-01 -4.1314e-01 -9.0084e-01 -3.2550e-01 -4.6224e-01 -9.5704e-01 -3.0465e-01 -7.5164e-01
3.5182e-02 1.6322e-01 9.5260e-01 7.3469e-01 -3.0937e-01 8.5544e-01 2.6411e-01 3.5719e-01 3.3400e-01 3.3437e-01 -7.7220e-01 -1.7464e-01 -8.1309e-03 -9.6090e-01 -5.9434e-01 -1.4626e-01 -1.3221e-01 8.7752e-01 -3.3984e-01 -8.9321e-01 3.4919e-01 -3.3082e-01 2.0809e-01 1.5431e-01 -6.9225e-01 -9.7700e-01 -2.5963e-02 -5.1475e-01 -8.9092e-01 -4.6917e-01 -4.9959e-01 -8.7330e-01 -3.3068e-01 -7.9363e-01
4.2134e-01 -6.3546e-02 -3.7150e-02 7.9911e-02 2.6647e-01 9.5077e-01 8.8599e-02 -6.8862e-01 4.4906e-01 -3.7371e-01 -6.6444e-01 -3.4971e-01 -7.0547e-01 -9.2551e-01 -7.2967e-01 4.4226e-01 -3.6480e-01 -6.4685e-01 -1.2148e-01 -7.5639e-01 -3.4422e-01 -5.2501e-01 7.1426e-02 1.4373e-01 -5.1403e-01 -9.3373e-01 -7.2085e-01 -1.0000e+00 -9.7562e-01 -1.0000e+00 -9.6030e-01 -9.7705e-01 -9.3970e-01 -8.3236e-01
2.3362e-01 -4.3962e-02 3.3570e-01 8.1643e-02 9.0429e-01 7.0770e-01 5.2572e-01 -8.4956e-01 5.9227e-01 -1.4272e-01 -4.3470e-01 -2.1209e-01 -5.2048e-01 -8.1380e-01 -6.2552e-01 2.0019e-01 -2.7273e-01 -4.7394e-01 -3.3928e-01 -5.2585e-01 -6.8064e-02 -4.3565e-01 7.5827e-03 1.6086e-01 -6.9184e-01 -8.2571e-01 -4.9334e-01 -1.5630e-01 -9.2145e-01 -2.4489e-01 -3.5823e-02 -9.1050e-01 -2.8368e-01 -7.8301e-01
5.5143e-02 -3.0664e-01 8.4128e-01 8.1643e-02 9.0429e-01 7.0770e-01 5.2572e-01 -8.4956e-01 8.2968e-01 -5.5820e-01 -4.1887e-01 -4.3795e-01 -8.2367e-01 -8.0429e-01 -7.8783e-01 2.4006e-02 -6.3954e-01 5.6943e-01 -7.2099e-01 -4.5352e-01 1.1747e-01 -4.6418e-01 -5.2482e-01 2.9005e-01 -9.1230e-01 -7.8273e-01 -3.0388e-01 -7.9946e-01 -8.4232e-01 -9.1191e-01 -7.3250e-01 -9.2048e-01 -8.2952e-01 -6.6404e-01
-3.2727e-01 -1.2805e-01 5.9168e-01 3.4437e-01 7.5137e-02 1.0000e+00 -1.0000e+00 -6.8230e-01 2.3336e-01 5.4286e-01 -4.5716e-01 -5.6406e-02 2.7089e-01 -8.2690e-01 -4.8793e-01 -3.8471e-01 -3.5290e-01 2.0000e-01 -2.4295e-01 -5.3494e-01 1.9335e-01 -3.0274e-01 -6.0069e-02 -3.1236e-01 -6.1786e-01 -8.3080e-01 -2.1793e-01 -1.0989e-03 -7.3485e-01 -1.2600e-01 1.4523e-02 -7.0570e-01 1.5486e-01 -6.3207e-01
2.9024e-01 1.3703e-01 3.8389e-01 -1.0291e-01 3.2324e-02 2.1469e-02 5.5964e-01 7.2646e-01 8.9397e-01 -4.0487e-01 -6.4407e-01 -5.7434e-01 -7.2727e-01 -9.1760e-01 -8.6445e-01 3.4438e-01 -3.7354e-01 -4.1392e-02 -3.3719e-01 -7.5871e-01 -3.0065e-01 -3.4506e-01 1.9861e-01 2.8908e-01 -6.9031e-01 -9.3459e-01 -6.8928e-01 -3.1353e-01 -7.4209e-01 -5.3723e-01 -5.9212e-01 -7.8660e-01 -3.3329e-01 -7.9518e-01
8.1920e-02 5.2461e-02 7.6916e-01 -1.0291e-01 3.2324e-02 2.1469e-02 5.5964e-01 5.1500e-01 8.9397e-01 -4.8003e-01 -5.8828e-01 -6.2672e-01 -7.7679e-01 -8.9394e-01 -8.8959e-01 2.2178e-02 -3.7910e-01 4.5945e-01 -6.5825e-01 -6.9608e-01 -3.0540e-02 -3.4589e-01 1.4762e-02 2.7247e-01 -8.8404e-01 -9.0972e-01 -4.5739e-01 -7.6038e-01 -6.3497e-01 -6.0054e-01 -6.5574e-01 -6.9998e-01 -4.6197e-01 -7.8691e-01
-4.1066e-01 5.6200e-01 7.3981e-01 -6.7010e-01 1.0000e+00 -1.2835e-01 -6.4318e-01 -1.0000e+00 5.5239e-01 1.6802e-02 2.8071e-01 -6.0378e-01 -3.6871e-01 -1.4988e-01 -8.7887e-01 -2.1268e-01 1.3449e-01 7.9097e-01 -4.2530e-01 2.4344e-01 -4.4320e-02 -4.3846e-01 6.9985e-01 -4.9836e-01 -7.5165e-01 -1.4646e-01 -4.7073e-01 -5.2972e-02 -8.2497e-01 -6.5207e-01 -7.3817e-01 -8.3670e-01 -7.5086e-01 -3.1645e-01
-6.8563e-01 4.6322e-01 4.9748e-01 -6.1141e-01 1.0000e+00 9.5857e-02 -6.4318e-01 -1.0000e+00 5.5239e-01 -2.4684e-02 8.5287e-01 -5.1078e-01 -4.1007e-01 7.2545e-01 -8.3074e-01 -7.0214e-01 3.7354e-01 1.8373e-01 -8.7959e-02 8.2791e-01 -1.8091e-01 -4.0040e-01 5.5975e-01 -7.7381e-01 -4.8330e-01 6.9754e-01 -5.9418e-01 -2.1318e-01 6.1035e-01 -3.9943e-01 -1.1784e-01 5.5675e-01 -2.7573e-01 4.2058e-01
-7.2499e-01 5.3902e-01 4.3294e-01 -6.1141e-01 1.0000e+00 9.5857e-02 -5.3972e-01 -1.0000e+00 4.8440e-01 -2.4817e-03 8.7456e-01 -4.9120e-01 -3.8810e-01 7.6465e-01 -8.1966e-01 -7.4133e-01 4.7431e-01 1.5673e-01 -2.2964e-02 8.5695e-01 -2.1375e-01 -4.6706e-01 5.5737e-01 -7.9260e-01 -4.2118e-01 7.4686e-01 -6.2148e-01 -2.0701e-01 6.0315e-01 -3.8454e-01 -1.7372e-01 6.5209e-01 -3.0437e-01 4.7753e-01
-7.5686e-01 7.3941e-01 3.7684e-01 -6.1993e-01 1.0000e+00 -2.3413e-01 -5.3972e-01 -1.0000e+00 4.8440e-01 7.1489e-02 9.1950e-01 -4.9214e-01 -3.1216e-01 8.4728e-01 -8.2019e-01 -8.0538e-01 7.0059e-01 1.7968e-02 4.6032e-02 9.2646e-01 -2.5203e-01 -6.1883e-01 7.1859e-01 -7.3738e-01 -3.5155e-01 8.6774e-01 -6.5215e-01 -9.7508e-02 6.5154e-01 -3.5259e-01 -4.0941e-02 5.9758e-01 -2.2831e-01 5.6202e-01
-6.1922e-01 5.7594e-01 5.8396e-01 -5.8930e-01 1.0000e+00 -3.3160e-01 -3.4268e-01 -1.0000e+00 7.0099e-01 1.5185e-01 7.3777e-01 -5.4201e-01 -2.2488e-01 5.2476e-01 -8.4774e-01 -5.9952e-01 2.2900e-01 3.4591e-01 -1.2415e-01 7.1829e-01 -1.3542e-01 -4.5105e-01 7.0422e-01 -7.7142e-01 -5.1643e-01 5.1767e-01 -5.5484e-01 3.4575e-01 1.6815e-01 -3.2775e-01 4.9668e-01 1.7224e-01 -1.7336e-01 2.6822e-01
-8.3749e-01 -2.1790e-01 -2.3386e-01 -8.9709e-01 -8.7151e-01 -8.8793e-01 -1.8044e-01 5.1291e-01 7.1277e-01 -3.9051e-01 -8.8885e-01 -8.8084e-01 -7.1732e-01 -9.8699e-01 -9.7786e-01 -8.1666e-01 -3.6637e-01 -8.1261e-01 6.4472e-02 -8.9090e-01 -8.8858e-01 1.0530e-01 1.3062e-01 -1.7866e-01 -3.3230e-01 -9.7640e-01 -9.7848e-01 -3.0112e-01 -9.2216e-01 -6.6749e-01 -2.1065e-01 -9.1125e-01 -6.3547e-01 -8.5484e-01
-8.7997e-01 -3.0436e-01 -1.3711e-01 -9.5578e-01 -8.6067e-01 -8.8793e-01 -1.8044e-01 6.5072e-01 7.7891e-01 -4.8080e-01 -8.9231e-01 -8.8556e-01 -7.7727e-01 -9.8756e-01 -9.7897e-01 -8.8075e-01 -4.5769e-01 -6.5409e-01 1.2049e-01 -8.4298e-01 -8.5102e-01 2.3234e-01 5.3543e-02 -3.0811e-01 -2.7215e-01 -9.6292e-01 -9.6884e-01 -3.5626e-01 -8.8313e-01 -6.6465e-01 -2.7151e-01 -8.8829e-01 -5.5406e-01 -7.5448e-01
-8.2864e-01 -3.3681e-01 -1.4188e-01 -8.7414e-01 -8.6067e-01 -8.9104e-01 -1.7132e-01 6.5072e-01 7.9254e-01 -3.8962e-01 -8.7598e-01 -9.2472e-01 -7.1670e-01 -9.8473e-01 -9.8744e-01 -8.0957e-01 -5.1091e-01 -6.4149e-01 4.9851e-02 -8.1477e-01 -8.8385e-01 2.1966e-01 4.6940e-02 -2.8827e-01 -3.4758e-01 -9.5409e-01 -9.7734e-01 -2.8748e-01 -8.5473e-01 -7.4866e-01 -2.2379e-01 -8.4175e-01 -6.5369e-01 -7.9878e-01
-8.1001e-01 -3.0455e-01 -3.1046e-01 -8.7414e-01 -7.8774e-01 -9.4136e-01 -2.6485e-01 1.5621e-01 6.0765e-01 -2.5815e-01 -8.0683e-01 -8.7597e-01 -6.1807e-01 -9.6997e-01 -9.7670e-01 -7.3656e-01 -5.0772e-01 -8.1261e-01 4.5894e-02 -7.8952e-01 -8.9942e-01 2.0359e-01 1.5943e-01 -9.6555e-02 -3.5169e-01 -9.4563e-01 -9.8104e-01 -2.2747e-01 -8.2389e-01 -8.2145e-01 -2.0526e-01 -8.1169e-01 -7.3523e-01 -8.2994e-01
-8.0958e-01 -2.2462e-01 -2.6710e-01 -9.0899e-01 -7.8774e-01 -8.2191e-01 -2.6485e-01 1.5621e-01 6.0765e-01 -4.4217e-01 -8.3625e-01 -8.1761e-01 -7.5240e-01 -9.7680e-01 -9.6113e-01 -7.7927e-01 -3.7039e-01 -8.1082e-01 8.0914e-03 -8.5140e-01 -8.3777e-01 4.5635e-02 1.3858e-01 -1.5039e-01 -3.9031e-01 -9.6542e-01 -9.6515e-01 -3.6612e-01 -9.0047e-01 -8.1499e-01 -3.9350e-01 -8.9326e-01 -7.5086e-01 -8.5827e-01
-7.5353e-01 -2.1995e-01 -1.1113e-01 -9.6852e-01 -9.1799e-01 -8.2191e-01 2.9000e-02 7.4750e-01 8.0522e-01 -7.9750e-01 -9.7007e-01 -8.9263e-01 -9.3786e-01 -9.9763e-01 -9.8060e-01 -7.6447e-01 -4.0766e-01 -6.3970e-01 -1.4293e-01 -9.3243e-01 -8.4192e-01 5.0885e-02 4.1772e-02 -3.0655e-01 -5.3322e-01 -9.8655e-01 -9.6632e-01 -6.9355e-01 -9.6149e-01 -7.0543e-01 -6.3167e-01 -9.4990e-01 -6.1971e-01 -9.2491e-01
-8.6436e-01 -2.7042e-01 -1.5319e-01 -8.2055e-01 -8.2328e-01 -8.7431e-01 -3.1373e-01 4.8446e-01 7.5720e-01 -2.6561e-01 -8.8040e-01 -8.3914e-01 -6.2402e-01 -9.8552e-01 -9.6721e-01 -8.3980e-01 -4.4343e-01 -7.1533e-01 1.3356e-01 -8.5607e-01 -8.2091e-01 1.7620e-01 7.3428e-02 -2.8480e-01 -2.5776e-01 -9.6679e-01 -9.6024e-01 -1.4324e-01 -9.1510e-01 -5.7820e-01 -1.2600e-01 -9.0115e-01 -4.7787e-01 -7.7062e-01
-8.3225e-01 -2.9269e-01 -9.0172e-02 -8.7925e-01 -9.0343e-01 -8.7431e-01 -1.6886e-01 7.3910e-01 7.7167e-01 -4.2050e-01 -9.2966e-01 -8.8026e-01 -7.3794e-01 -9.9311e-01 -9.7773e-01 -8.3326e-01 -4.8393e-01 -4.6322e-01 5.0123e-02 -8.6882e-01 -8.2036e-01 1.9093e-01 1.9822e-02 -3.4243e-01 -3.4730e-01 -9.7043e-01 -9.6008e-01 -2.9993e-01 -9.1564e-01 -6.8476e-01 -2.8755e-01 -8.9973e-01 -5.7476e-01 -7.9238e-01
-7.4620e-01 -2.4525e-01 -1.4047e-01 -8.6903e-01 -9.1437e-01 -8.3241e-01 -1.3489e-01 6.7280e-01 7.8979e-01 -4.1409e-01 -9.2709e-01 -9.2771e-01 -7.3358e-01 -9.9277e-01 -9.8804e-01 -7.1819e-01 -3.9655e-01 -6.8655e-01 -9.1777e-02 -8.9688e-01 -8.8527e-01 5.8682e-02 4.9149e-02 -2.8823e-01 -4.8685e-01 -9.7795e-01 -9.7768e-01 -2.8871e-01 -9.1743e-01 -7.9772e-01 -1.1535e-01 -9.3843e-01 -6.8521e-01 -9.3321e-01
-7.6385e-01 -1.7075e-01 -1.7179e-01 -8.6903e-01 -8.8065e-01 -8.3241e-01 -1.3489e-01 5.6762e-01 6.7379e-01 -4.9523e-01 -9.3357e-01 -9.2735e-01 -7.8627e-01 -9.9361e-01 -9.8797e-01 -7.6146e-01 -3.2745e-01 -6.7206e-01 -7.8413e-02 -9.4483e-01 -9.0243e-01 -3.5512e-03 8.4328e-02 -2.5224e-01 -4.7439e-01 -9.8930e-01 -9.8174e-01 -4.0642e-01 -9.5701e-01 -8.2723e-01 -3.0069e-01 -9.4777e-01 -7.6127e-01 -9.6077e-01
-7.4246e-01 -2.5770e-01 -1.6439e-01 -9.7705e-01 3.8040e-01 -2.7395e-01 -2.0693e-01 5.6762e-01 6.7379e-01 -6.6096e-01 -7.6087e-01 -7.9649e-01 -8.7811e-01 -9.5769e-01 -9.5476e-01 -7.3244e-01 -4.6005e-01 -6.5240e-01 -1.4304e-01 -7.7794e-01 -7.8880e-01 3.8711e-02 4.9370e-02 -2.6104e-01 -5.3332e-01 -9.4157e-01 -9.5021e-01 -6.6139e-01 -8.9578e-01 -8.1490e-01 -5.7884e-01 -8.7969e-01 -7.2742e-01 -8.6929e-01
-7.0223e-01 -2.7286e-01 -2.2553e-01 -9.8468e-01 3.8040e-01 -2.7395e-01 -2.7068e-01 3.1616e-01 5.7140e-01 -5.9803e-01 -7.0852e-01 -6.8468e-01 -8.4574e-01 -9.4130e-01 -9.1465e-01 -6.6714e-01 -4.7120e-01 -7.5861e-01 -2.0073e-01 -7.2850e-01 -7.0412e-01 6.1805e-02 1.0266e-01 -1.6887e-01 -5.8310e-01 -9.2300e-01 -9.1955e-01 -7.8152e-01 -8.9957e-01 -8.8417e-01 -7.2711e-01 -8.8257e-01 -8.0321e-01 -8.6055e-01
-3.3783e-01 4.8326e-01 9.1473e-01 -6.4457e-01 1.0000e+00 3.0540e-01 -7.2681e-01 -1.0000e+00 5.6596e-01 8.6359e-02 1.4256e-01 -4.8131e-01 -2.9638e-01 -3.1537e-01 -8.1393e-01 -8.9332e-02 -4.8063e-02 9.8194e-01 -4.5818e-01 9.0319e-02 1.5385e-01 -3.7405e-01 5.5656e-01 -3.5050e-01 -7.7296e-01 -3.2076e-01 -2.6329e-01 -1.0258e-01 -9.4957e-01 -9.1661e-01 -1.0000e+00 -9.7207e-01 -1.0000e+00 -3.7887e-01
-6.6195e-01 5.4545e-01 6.8612e-01 -6.4457e-01 1.0000e+00 3.0540e-01 -7.2681e-01 -1.0000e+00 5.6596e-01 5.6241e-02 7.7650e-01 -2.5952e-01 -3.2816e-01 5.9091e-01 -6.6327e-01 -6.2322e-01 2.6394e-01 4.2164e-01 -9.7279e-02 7.5541e-01 1.0935e-01 -5.0018e-01 3.6531e-01 -8.3495e-01 -4.9193e-01 5.7746e-01 -3.1280e-01 -3.5002e-01 4.7507e-01 -2.2715e-01 -2.4495e-01 5.0953e-01 -9.9767e-02 4.3091e-01
-7.0586e-01 4.5120e-01 6.6130e-01 -7.1347e-01 1.0000e+00 1.2102e-01 -3.4515e-01 -1.0000e+00 7.2730e-01 -1.8744e-01 8.8841e-01 -3.5594e-01 -5.5951e-01 7.8991e-01 -7.3400e-01 -7.2528e-01 3.7669e-01 3.3330e-01 -1.0302e-01 8.6419e-01 3.0662e-02 -3.7094e-01 3.8107e-01 -8.8375e-01 -4.9721e-01 7.5925e-01 -3.9619e-01 -2.5901e-01 7.8685e-01 -2.0463e-01 -1.4177e-01 7.3007e-01 -4.2072e-02 5.3638e-01
-7.3573e-01 5.0962e-01 6.1321e-01 -7.3558e-01 1.0000e+00 8.2237e-02 -1.5230e-01 -1.0000e+00 7.2730e-01 -2.5273e-01 8.9388e-01 -4.1524e-01 -6.1372e-01 7.9994e-01 -7.7350e-01 -7.7215e-01 4.6880e-01 3.2794e-01 -7.2543e-02 8.7449e-01 -3.9987e-02 -4.4828e-01 2.6911e-01 -9.0770e-01 -4.6887e-01 7.7698e-01 -4.6656e-01 -1.5378e-01 7.0608e-01 -1.7160e-01 -1.2047e-01 7.0073e-01 1.8364e-02 5.6304e-01
-6.1718e-01 4.6414e-01 6.6432e-01 -7.0837e-01 1.0000e+00 8.2237e-02 -1.5230e-01 -1.0000e+00 7.4087e-01 -1.8202e-01 5.9157e-01 -4.9836e-01 -5.5486e-01 2.8772e-01 -8.2375e-01 -5.5681e-01 -6.3981e-02 4.0536e-01 -2.3567e-01 5.5505e-01 -5.0591e-02 -4.0780e-01 5.9864e-01 -8.5528e-01 -6.1197e-01 2.6828e-01 -4.7675e-01 7.2881e-02 -9.4505e-02 -3.9226e-01 -1.4661e-02 -1.3272e-02 -2.5188e-01 1.5364e-01
3.3024e-02 -8.4437e-01 2.8393e-01 -4.0222e-01 -7.7680e-01 1.3775e-01 6.7141e-01 8.0468e-02 7.6169e-01 -9.4110e-01 -7.5270e-01 -4.8556e-01 -9.8519e-01 -9.5530e-01 -8.1640e-01 2.1590e-02 -7.9357e-01 -1.2973e-01 -8.7674e-01 -4.4222e-01 -3.0648e-01 -6.3655e-01 -6.6596e-01 6.8034e-02 -9.6891e-01 -7.7563e-01 -6.9360e-01 -8.1555e-01 -8.8024e-01 -6.4735e-01 -7.8285e-01 -8.8324e-01 -5.8545e-01 -8.2860e-01
3.6272e-02 -8.4219e-01 2.4564e-01 -3.7079e-01 -9.3440e-01 -2.5680e-02 6.7141e-01 1.4149e-01 7.7891e-01 -9.3318e-01 -7.7521e-01 -5.6796e-01 -9.8299e-01 -9.6174e-01 -8.6122e-01 3.2896e-02 -7.9830e-01 -1.6943e-01 -8.6964e-01 -4.5363e-01 -3.8904e-01 -6.4560e-01 -6.1511e-01 7.7113e-02 -9.6675e-01 -7.8281e-01 -7.5163e-01 -8.3349e-01 -9.0282e-01 -5.5673e-01 -8.0941e-01 -9.1121e-01 -5.1172e-01 -8.4992e-01
5.0283e-01 -3.2934e-01 -3.3124e-01 5.9489e-03 -9.8088e-01 -9.9584e-01 9.8016e-01 6.9911e-01 7.0463e-01 -8.2314e-01 -9.7738e-01 -9.4094e-01 -9.4748e-01 -9.9829e-01 -9.9056e-01 4.5710e-01 -4.7203e-01 -8.5409e-01 -5.7234e-02 -8.6312e-01 -9.6330e-01 -8.7001e-01 1.5883e-01 -7.5597e-02 -4.5435e-01 -9.6882e-01 -9.9408e-01 -7.5243e-01 -9.7020e-01 -7.8178e-01 -7.4578e-01 -9.6848e-01 -6.8001e-01 -8.4972e-01
5.1005e-01 -2.7186e-01 -2.6813e-01 5.9489e-03 -9.4444e-01 -9.6964e-01 9.4122e-01 7.6118e-01 7.9164e-01 -7.0554e-01 -9.7556e-01 -9.7691e-01 -8.9920e-01 -9.9813e-01 -9.9667e-01 4.8619e-01 -4.2909e-01 -7.8382e-01 -3.0524e-02 -9.0066e-01 -9.8662e-01 -8.1124e-01 1.2796e-01 -2.8118e-02 -4.2858e-01 -9.7891e-01 -9.9798e-01 -5.6973e-01 -9.6855e-01 -8.2027e-01 -4.8603e-01 -9.6852e-01 -7.2729e-01 -8.8401e-01
5.1734e-01 -2.7766e-01 -2.4527e-01 -2.8946e-02 -9.4444e-01 -9.6964e-01 9.4122e-01 7.6118e-01 8.1520e-01 -7.0970e-01 -9.6970e-01 -9.8724e-01 -9.0109e-01 -9.9760e-01 -9.9822e-01 5.1998e-01 -4.3626e-01 -7.7667e-01 -1.8410e-02 -8.9481e-01 -9.8716e-01 -8.2273e-01 1.0544e-01 9.4910e-03 -4.1670e-01 -9.7742e-01 -9.9806e-01 -5.0913e-01 -9.6512e-01 -8.2970e-01 -4.1978e-01 -9.5559e-01 -7.6415e-01 -8.7859e-01
5.0389e-01 -2.9240e-01 -2.1785e-01 -6.1221e-02 -9.6266e-01 -9.8742e-01 9.7022e-01 7.9276e-01 8.1425e-01 -7.8456e-01 -9.7905e-01 -9.8565e-01 -9.3282e-01 -9.9843e-01 -9.9799e-01 4.9034e-01 -4.6722e-01 -7.5503e-01 -5.1064e-02 -8.8822e-01 -9.7287e-01 -8.3118e-01 8.5418e-02 2.6433e-02 -4.4845e-01 -9.7570e-01 -9.9574e-01 -5.9394e-01 -9.5773e-01 -7.9834e-01 -5.2324e-01 -9.4415e-01 -7.2742e-01 -8.7628e-01
5.2471e-01 -2.8602e-01 -1.7485e-01 -9.2697e-02 -9.6903e-01 -9.8851e-01 9.8924e-01 6.9071e-01 8.1425e-01 -8.8638e-01 -9.7379e-01 -9.9088e-01 -9.6903e-01 -9.9797e-01 -9.9874e-01 5.0161e-01 -4.4500e-01 -5.9643e-01 -2.5005e-02 -8.9073e-01 -9.5201e-01 -8.2344e-01 6.5381e-02 6.9712e-02 -4.2318e-01 -9.7636e-01 -9.9203e-01 -7.0476e-01 -9.6132e-01 -8.5272e-01 -6.5035e-01 -9.5704e-01 -7.5593e-01 -8.4902e-01
5.0776e-01 -3.1082e-01 -1.2773e-01 -1.1139e-01 -9.3716e-01 -7.7788e-01 1.0000e+00 4.2662e-01 8.2514e-01 -9.2969e-01 -9.2780e-01 -9.3951e-01 -9.8201e-01 -9.9286e-01 -9.9030e-01 4.9331e-01 -4.4500e-01 -6.2521e-01 -5.8760e-02 -8.5659e-01 -8.8611e-01 -8.3762e-01 2.2558e-02 1.1882e-01 -4.5581e-01 -9.6694e-01 -9.7789e-01 -8.1617e-01 -9.7473e-01 -8.1536e-01 -7.4841e-01 -9.6489e-01 -7.1660e-01 -8.3767e-01
-5.0930e-01 -6.4497e-01 3.4965e-01 -8.0186e-01 -8.7246e-01 -5.7254e-01 2.0784e-01 3.5823e-01 9.2752e-01 -7.5213e-01 -8.0344e-01 -9.2693e-01 -9.1960e-01 -9.6914e-01 -9.8788e-01 -5.1766e-01 -7.2290e-01 2.5118e-02 -5.5177e-01 -5.9022e-01 -5.0020e-01 1.4330e-01 -6.1972e-01 -4.6555e-01 -8.2889e-01 -8.6030e-01 -8.2056e-01 -7.0534e-01 -8.0887e-01 -8.5327e-01 -6.1591e-01 -7.9520e-01 -7.7950e-01 -7.6479e-01
-5.3931e-01 -6.0431e-01 3.5756e-01 -8.0186e-01 -9.3897e-01 -5.7254e-01 1.6311e-01 3.8872e-01 9.2118e-01 -6.4365e-01 -8.0068e-01 -9.0096e-01 -8.6951e-01 -9.6845e-01 -9.8246e-01 -5.2178e-01 -6.0853e-01 4.4967e-02 -4.7904e-01 -6.1389e-01 -4.8475e-01 1.4029e-01 -5.6963e-01 -5.1088e-01 -7.8604e-01 -8.7216e-01 -8.1160e-01 -4.2432e-01 -8.1572e-01 -7.9998e-01 -4.0664e-01 -8.4320e-01 -7.0604e-01 -7.5430e-01
-5.0771e-01 -6.7245e-01 3.6674e-01 -6.9647e-01 -9.5352e-01 -6.1132e-01 1.6311e-01 3.5192e-01 8.8853e-01 -6.2170e-01 -8.0485e-01 -9.0176e-01 -8.5827e-01 -9.6949e-01 -9.8264e-01 -5.0458e-01 -6.5782e-01 1.7968e-02 -5.2405e-01 -5.7378e-01 -4.7712e-01 1.3778e-01 -6.5328e-01 -4.8725e-01 -8.1305e-01 -8.5179e-01 -8.0711e-01 -6.0008e-01 -8.1827e-01 -7.9645e-01 -5.2047e-01 -8.7397e-01 -6.9823e-01 -7.4246e-01
-4.6337e-01 -6.9351e-01 3.9689e-01 -6.7774e-01 -9.9910e-01 -5.7987e-01 1.8545e-01 2.4986e-01 8.8853e-01 -6.3999e-01 -8.1175e-01 -8.9485e-01 -8.6766e-01 -9.7117e-01 -9.8110e-01 -4.7138e-01 -7.0462e-01 2.6999e-02 -5.9760e-01 -5.6369e-01 -4.4879e-01 1.2431e-01 -7.4243e-01 -4.7065e-01 -8.5374e-01 -8.4646e-01 -7.8999e-01 -4.2927e-01 -8.4898e-01 -7.8941e-01 -3.5367e-01 -8.5390e-01 -7.0878e-01 -7.5973e-01
-4.5258e-01 -6.8742e-01 3.7086e-01 -6.7774e-01 -9.7812e-01 -5.7987e-01 2.6826e-01 2.4986e-01 9.1120e-01 -7.5254e-01 -8.1629e-01 -9.3069e-01 -9.1978e-01 -9.7226e-01 -9.8862e-01 -4.8442e-01 -7.1021e-01 2.3330e-02 -6.4350e-01 -5.6954e-01 -4.8289e-01 1.1499e-01 -6.8192e-01 -4.3196e-01 -8.7694e-01 -8.4956e-01 -8.1052e-01 -5.8214e-01 -8.6973e-01 -8.7879e-01 -4.8880e-01 -8.6605e-01 -8.0321e-01 -7.8618e-01
-3.6038e-01 -7.2602e-01 3.7405e-01 -7.3811e-01 -9.7812e-01 -7.0245e-01 3.4277e-01 3.1089e-01 9.2842e-01 -8.1377e-01 -8.5362e-01 -9.7274e-01 -9.4402e-01 -9.8045e-01 -9.9602e-01 -3.4203e-01 -7.7210e-01 3.4243e-02 -8.0214e-01 -5.5987e-01 -4.9178e-01 -2.9695e-02 -6.9337e-01 -3.1332e-01 -9.4421e-01 -8.4442e-01 -8.1570e-01 -6.0066e-01 -8.7501e-01 -8.7938e-01 -5.8935e-01 -8.7610e-01 -7.9279e-01 -8.5581e-01
-4.5643e-01 -6.8185e-01 3.2226e-01 -8.0697e-01 -7.5858e-01 -4.0703e-01 2.4012e-01 2.4882e-01 9.2932e-01 -8.8692e-01 -7.9841e-01 -8.4641e-01 -9.6920e-01 -9.6787e-01 -9.6918e-01 -4.5236e-01 -7.6576e-01 -1.0988e-01 -6.6638e-01 -5.6491e-01 -4.9346e-01 1.1599e-01 -6.0477e-01 -3.8782e-01 -8.8788e-01 -8.4711e-01 -8.1668e-01 -7.7897e-01 -9.2288e-01 -8.0291e-01 -7.2725e-01 -8.9326e-01 -7.3496e-01 -8.0135e-01
-4.4782e-01 -7.1298e-01 4.1129e-01 -7.6870e-01 -7.5858e-01 -4.0703e-01 2.4012e-01 1.8571e-01 9.3656e-01 -8.4597e-01 -6.5505e-01 -8.1151e-01 -9.5561e-01 -9.2191e-01 -9.5933e-01 -4.6308e-01 -7.4511e-01 1.4393e-02 -6.7243e-01 -4.6772e-01 -4.0500e-01 1.2793e-01 -7.2879e-01 -4.3862e-01 -8.9070e-01 -7.9151e-01 -7.6217e-01 -6.8495e-01 -7.0429e-01 -6.9885e-01 -6.1867e-01 -6.8349e-01 -6.1423e-01 -7.5583e-01
-4.2199e-01 -8.5431e-01 4.2332e-01 -6.9984e-01 -8.3331e-01 -4.4997e-01 2.6247e-01 1.8571e-01 8.4690e-01 -8.3115e-01 -6.4046e-01 -7.9316e-01 -9.5038e-01 -9.1615e-01 -9.5372e-01 -4.3340e-01 -8.5944e-01 5.0423e-02 -7.1104e-01 -3.7803e-01 -3.8725e-01 8.6164e-02 -9.1576e-01 -4.0712e-01 -9.0803e-01 -7.3326e-01 -7.5043e-01 -6.5402e-01 -6.3946e-01 -6.3666e-01 -5.9488e-01 -6.5414e-01 -5.3296e-01 -7.0283e-01
-4.2209e-01 -7.9679e-01 4.9745e-01 -6.9984e-01 -8.0325e-01 -4.1540e-01 2.6247e-01 1.8780e-01 8.4690e-01 -7.6806e-01 -6.7311e-01 -7.4778e-01 -9.2620e-01 -9.2876e-01 -9.3862e-01 -4.1618e-01 -8.0704e-01 1.5673e-01 -6.9537e-01 -4.3027e-01 -3.0656e-01 9.4524e-02 -1.0000e+00 -4.4150e-01 -9.0114e-01 -7.6800e-01 -6.9366e-01 -5.8582e-01 -7.1658e-01 -5.6219e-01 -5.0470e-01 -6.9710e-01 -4.4100e-01 -7.0044e-01
-4.4412e-01 -6.9906e-01 4.4368e-01 -7.5765e-01 -8.0325e-01 -4.1540e-01 2.8235e-01 2.6563e-01 8.8943e-01 -7.6648e-01 -7.7005e-01 -7.9968e-01 -9.2555e-01 -9.6030e-01 -9.5575e-01 -4.5948e-01 -7.5548e-01 3.4243e-02 -6.6032e-01 -5.4058e-01 -3.7317e-01 9.6862e-02 -7.1954e-01 -4.3331e-01 -8.8502e-01 -8.3392e-01 -7.4093e-01 -5.5548e-01 -8.2278e-01 -7.5391e-01 -4.7552e-01 -8.1172e-01 -6.6150e-01 -7.5676e-01
-5.3055e-01 -5.1028e-01 2.7480e-01 -7.7802e-01 -8.9706e-01 -5.8200e-01 9.1927e-02 4.2766e-01 8.9128e-01 -5.9314e-01 -8.6134e-01 -9.2787e-01 -8.4309e-01 -9.8198e-01 -9.8807e-01 -5.5442e-01 -6.0298e-01 -1.1543e-01 -4.8094e-01 -7.0124e-01 -5.6518e-01 1.1378e-01 -3.8309e-01 -4.4694e-01 -7.8721e-01 -9.1189e-01 -8.5596e-01 -3.7038e-01 -8.9358e-01 -9.1364e-01 -3.3527e-01 -8.9543e-01 -8.3473e-01 -8.4703e-01
5.6317e-01 -2.1677e-01 -2.0071e-01 5.1853e-02 -9.1161e-01 -9.0258e-01 8.8413e-01 8.3797e-01 7.8525e-01 -5.5937e-01 -9.5873e-01 -9.2547e-01 -8.2433e-01 -9.9652e-01 -9.8759e-01 5.7158e-01 -3.7590e-01 -7.6952e-01 8.1841e-02 -9.2965e-01 -9.1509e-01 -7.7600e-01 9.4862e-02 6.6757e-02 -3.1391e-01 -9.8591e-01 -9.8456e-01 -4.3295e-01 -9.4655e-01 -7.4217e-01 -3.5104e-01 -9.4628e-01 -7.2454e-01 -8.4403e-01
5.8144e-01 -2.9057e-01 -1.6672e-01 1.0459e-01 -9.4805e-01 -9.0258e-01 9.3625e-01 7.0224e-01 8.0612e-01 -5.9093e-01 -9.5366e-01 -9.4070e-01 -8.4189e-01 -9.9598e-01 -9.9052e-01 5.5857e-01 -4.7037e-01 -6.4327e-01 1.0869e-01 -8.8041e-01 -9.1012e-01 -8.8626e-01 5.9023e-02 9.6813e-02 -2.8502e-01 -9.7361e-01 -9.8347e-01 -4.4834e-01 -9.3314e-01 -7.5286e-01 -3.6155e-01 -9.1981e-01 -6.6150e-01 -7.7813e-01
5.9670e-01 -2.8563e-01 -1.3676e-01 1.0459e-01 -9.4805e-01 -9.5602e-01 9.7104e-01 7.0224e-01 8.2154e-01 -6.5580e-01 -9.5931e-01 -9.7142e-01 -8.7558e-01 -9.9658e-01 -9.9581e-01 5.7694e-01 -4.3547e-01 -5.4958e-01 1.2646e-01 -8.8579e-01 -9.1394e-01 -8.7818e-01 4.4810e-02 1.2864e-01 -2.6560e-01 -9.7506e-01 -9.8432e-01 -4.7571e-01 -9.4615e-01 -8.2194e-01 -4.0401e-01 -9.4201e-01 -7.4277e-01 -7.6685e-01
5.3770e-01 -2.6423e-01 -1.2705e-01 -1.7891e-02 -9.4805e-01 -9.4656e-01 9.4788e-01 8.0644e-01 8.1520e-01 -6.8750e-01 -9.8050e-01 -9.5814e-01 -8.9085e-01 -9.9855e-01 -9.9362e-01 5.2413e-01 -4.4343e-01 -5.4779e-01 1.9824e-02 -9.0735e-01 -8.9859e-01 -8.2625e-01 3.8730e-02 1.3398e-01 -3.7844e-01 -9.8059e-01 -9.8085e-01 -5.5738e-01 -9.6512e-01 -8.1722e-01 -4.9405e-01 -9.5058e-01 -7.1125e-01 -8.2921e-01
5.0618e-01 -2.2299e-01 -1.4324e-01 -7.6804e-03 -9.1618e-01 -9.0887e-01 9.3046e-01 8.4747e-01 7.8710e-01 -6.8364e-01 -9.9335e-01 -9.1828e-01 -8.8903e-01 -9.9955e-01 -9.8614e-01 4.8560e-01 -4.0923e-01 -6.5588e-01 -3.4287e-02 -9.3881e-01 -8.7976e-01 -7.5233e-01 5.9252e-02 1.0779e-01 -4.3224e-01 -9.8798e-01 -9.7633e-01 -6.1814e-01 -9.7254e-01 -7.1856e-01 -5.4979e-01 -9.6134e-01 -6.0641e-01 -8.7765e-01
-7.3992e-01 -2.4063e-01 -1.2920e-01 -9.8127e-01 -9.2622e-01 -8.6276e-01 3.3970e-02 6.8752e-01 8.1156e-01 -8.2667e-01 -9.6030e-01 -9.4636e-01 -9.4876e-01 -9.9668e-01 -9.9156e-01 -7.6917e-01 -4.0053e-01 -5.9821e-01 -1.7021e-01 -9.1517e-01 -8.9186e-01 7.2414e-02 4.9082e-02 -2.7436e-01 -5.5709e-01 -9.8250e-01 -9.7927e-01 -7.3130e-01 -9.6317e-01 -8.1073e-01 -6.6902e-01 -9.7424e-01 -7.0618e-01 -9.3945e-01
-7.5649e-01 -2.3032e-01 -1.5587e-01 -9.7021e-01 -9.2622e-01 -8.7846e-01 -8.2548e-03 6.6440e-01 8.0792e-01 -7.8933e-01 -9.5515e-01 -9.1681e-01 -9.3469e-01 -9.9614e-01 -9.8584e-01 -7.6917e-01 -3.9340e-01 -6.5419e-01 -1.3678e-01 -9.1952e-01 -8.8563e-01 7.7194e-02 6.4429e-02 -2.7681e-01 -5.2775e-01 -9.8355e-01 -9.7777e-01 -7.2021e-01 -9.5429e-01 -7.3620e-01 -6.5588e-01 -9.4983e-01 -6.3273e-01 -9.2898e-01
-7.9225e-01 -2.3552e-01 -1.7118e-01 -9.2178e-01 -9.0981e-01 -8.7846e-01 -1.2495e-01 6.6440e-01 8.0792e-01 -5.2764e-01 -9.2654e-01 -9.0868e-01 -8.0590e-01 -9.9269e-01 -9.8414e-01 -7.9172e-01 -4.0214e-01 -7.5325e-01 -3.6366e-02 -9.0250e-01 -8.8711e-01 1.0293e-01 6.4481e-02 -2.8230e-01 -4.3426e-01 -9.7938e-01 -9.7813e-01 -4.6207e-01 -9.3676e-01 -7.6580e-01 -3.7759e-01 -9.2624e-01 -7.2742e-01 -8.9811e-01
-8.0426e-01 -2.4539e-01 -1.4963e-01 -7.7123e-01 -7.8227e-01 -8.9526e-01 -2.3671e-01 6.5072e-01 8.0792e-01 -2.3141e-01 -8.4399e-01 -9.5693e-01 -5.9638e-01 -9.7846e-01 -9.9342e-01 -7.9355e-01 -4.1640e-01 -6.5230e-01 4.2477e-02 -8.4624e-01 -9.1215e-01 1.5145e-01 5.5697e-02 -2.9203e-01 -3.5523e-01 -9.6390e-01 -9.8392e-01 -1.5565e-01 -8.3870e-01 -8.4567e-01 -6.7497e-02 -8.5823e-01 -7.5853e-01 -8.7040e-01
-7.8202e-01 -2.6131e-01 1.7100e-02 -7.7123e-01 -3.7864e-01 -5.6729e-01 -2.3671e-01 3.7718e-01 8.0792e-01 -3.1106e-01 -7.8406e-01 -8.8803e-01 -6.5936e-01 -9.6414e-01 -9.7955e-01 -7.3538e-01 -4.6880e-01 -4.1994e-01 -1.1247e-02 -7.9441e-01 -7.5402e-01 1.1348e-01 -3.2415e-02 -4.1200e-01 -4.0962e-01 -9.4731e-01 -9.3836e-01 -3.9091e-01 -8.3579e-01 -8.2605e-01 -4.0941e-01 -8.2242e-01 -7.3236e-01 -7.9518e-01
3.5261e-01 6.7120e-01 2.8250e-01 5.7993e-01 1.0000e+00 -1.3879e-01 5.1495e-01 -1.0000e+00 -8.4955e-01 7.4659e-02 6.9146e-01 1.3851e-01 -3.0881e-01 4.4752e-01 -2.8609e-01 3.0164e-01 5.5294e-01 3.6388e-01 -1.0259e-01 6.8196e-01 2.0414e-01 1.8379e-02 5.4068e-01 3.3181e-01 -4.9682e-01 4.6025e-01 -2.0530e-01 -9.4373e-02 2.2687e-01 -9.9981e-02 2.7801e-02 2.5751e-01 2.3708e-02 4.3324e-01
3.9906e-01 8.3508e-01 -3.9375e-01 5.7993e-01 1.0000e+00 -3.1377e-01 4.7109e-01 -1.0000e+00 -9.9092e-01 2.1422e-01 6.0582e-01 7.9744e-01 -1.5371e-01 3.0995e-01 6.3982e-01 3.1291e-01 4.8704e-01 2.6905e-02 8.0011e-03 6.2034e-01 7.1752e-01 2.2808e-01 4.1966e-01 -6.9486e-02 -3.9040e-01 3.6537e-01 5.1024e-01 -4.1143e-02 1.5300e-01 3.1950e-01 -2.7801e-02 1.5291e-01 2.2845e-01 5.2254e-01
3.3182e-01 4.8733e-01 -3.8800e-01 2.6020e-01 1.0000e+00 -3.0436e-01 6.4988e-01 -1.0000e+00 -9.7459e-01 -2.8804e-01 5.3486e-01 6.3481e-01 -6.4166e-01 2.0116e-01 3.7635e-01 2.5716e-01 5.5151e-02 -4.5155e-02 -2.4185e-01 4.9810e-01 5.6025e-01 -1.0239e-01 1.9747e-01 -7.5275e-02 -6.1697e-01 1.8646e-01 2.6710e-01 -3.7481e-01 5.9045e-02 -5.5614e-02 -2.9806e-01 1.1137e-01 1.3704e-04 2.6976e-01
3.4014e-01 4.9353e-01 -1.0000e+00 1.4708e-01 1.0000e+00 -7.4908e-02 5.7373e-01 -1.0000e+00 -9.9815e-01 -2.3572e-01 3.6875e-01 1.0000e+00 -5.9992e-01 -3.5115e-02 1.0000e+00 2.8150e-01 -1.3068e-01 -5.0273e-01 -2.1477e-01 3.2598e-01 1.0000e+00 -4.8020e-02 1.6561e-01 -4.8176e-01 -5.9482e-01 -4.4435e-02 1.0000e+00 -2.7077e-01 -3.1800e-02 8.7576e-01 -2.3167e-01 -2.0951e-01 6.4561e-01 2.8808e-01
2.4266e-01 4.9818e-01 -8.8675e-01 7.7128e-01 1.0000e+00 -7.4908e-02 3.9489e-01 -1.0000e+00 -9.9815e-01 1.6151e-01 3.5168e-01 9.4286e-01 -2.1405e-01 -5.7939e-02 8.9480e-01 1.8539e-01 -9.5733e-02 -5.2437e-01 -2.1667e-01 3.0878e-01 9.1942e-01 -8.7794e-02 6.4568e-02 -4.2653e-01 -5.9639e-01 -6.6167e-02 8.5334e-01 5.3618e-02 -9.3779e-02 1.0000e+00 1.8672e-01 -1.6794e-01 1.0000e+00 2.3741e-01
-3.8742e-01 -6.9048e-01 3.9672e-01 -7.4659e-01 -9.5443e-01 -5.2753e-01 3.4108e-01 3.2248e-01 9.7100e-01 -8.9338e-01 -8.6333e-01 -9.5338e-01 -9.7123e-01 -9.8237e-01 -9.9280e-01 -4.0788e-01 -7.9436e-01 2.8786e-02 -7.8104e-01 -5.8661e-01 -4.6665e-01 1.7648e-02 -7.1501e-01 -3.6429e-01 -9.3642e-01 -8.5845e-01 -8.0086e-01 -7.2761e-01 -9.2991e-01 -8.8055e-01 -6.7151e-01 -9.2052e-01 -8.0074e-01 -8.3948e-01
-3.6159e-01 -7.7376e-01 4.4208e-01 -6.3352e-01 -9.5443e-01 -4.6151e-01 3.2125e-01 3.2248e-01 9.4474e-01 -7.7215e-01 -8.3433e-01 -8.8672e-01 -9.2786e-01 -9.7638e-01 -9.7924e-01 -3.8059e-01 -8.2532e-01 8.1091e-02 -7.8791e-01 -5.2161e-01 -4.0702e-01 -2.5887e-02 -8.7715e-01 -3.3553e-01 -9.3899e-01 -8.2331e-01 -7.6349e-01 -6.8676e-01 -8.7842e-01 -8.1839e-01 -5.8409e-01 -8.6537e-01 -7.2715e-01 -7.9402e-01
-3.5845e-01 -7.9054e-01 4.7337e-01 -6.3352e-01 -9.2436e-01 -2.9599e-01 3.0301e-01 2.8666e-01 9.3656e-01 -7.4866e-01 -8.1015e-01 -7.9163e-01 -9.1814e-01 -9.7079e-01 -9.5324e-01 -3.8474e-01 -8.4754e-01 5.5880e-02 -7.8508e-01 -5.0126e-01 -3.4514e-01 -5.9024e-03 -9.7255e-01 -3.5500e-01 -9.3793e-01 -8.1158e-01 -7.2150e-01 -6.3472e-01 -8.5856e-01 -7.5332e-01 -5.7358e-01 -8.4601e-01 -6.6150e-01 -7.7357e-01
-3.8977e-01 -7.6764e-01 4.7995e-01 -7.0752e-01 -9.2436e-01 -2.9599e-01 3.0301e-01 2.3091e-01 9.3656e-01 -8.0111e-01 -8.0287e-01 -7.9484e-01 -9.3925e-01 -9.6899e-01 -9.5425e-01 -3.9245e-01 -7.7372e-01 5.5880e-02 -7.5411e-01 -5.1286e-01 -3.4096e-01 5.5186e-02 -9.4508e-01 -4.0337e-01 -9.2596e-01 -8.1831e-01 -7.1854e-01 -6.9539e-01 -8.5910e-01 -7.5567e-01 -6.3444e-01 -8.5610e-01 -6.9823e-01 -7.5977e-01
-3.8064e-01 -6.8714e-01 4.4692e-01 -7.2706e-01 -1.0000e+00 -4.7409e-01 3.1710e-01 1.9197e-01 9.4289e-01 -7.6909e-01 -8.3956e-01 -9.2143e-01 -9.2661e-01 -9.7752e-01 -9.8679e-01 -3.7523e-01 -7.2049e-01 9.9153e-02 -7.5896e-01 -5.7957e-01 -4.1351e-01 -1.1343e-02 -7.7087e-01 -3.6118e-01 -9.2788e-01 -8.5481e-01 -7.6770e-01 -5.5056e-01 -8.9592e-01 -8.6869e-01 -4.7815e-01 -8.8040e-01 -7.7456e-01 -8.2708e-01
1.5099e-03 -8.8507e-01 -1.6245e-01 -2.4408e-01 -9.4353e-01 -4.8667e-01 6.5982e-01 -3.0144e-01 6.8017e-01 -8.1920e-01 -6.3957e-01 -6.4195e-01 -9.4603e-01 -9.1580e-01 -8.9646e-01 -3.1192e-02 -7.9195e-01 -7.2982e-01 -8.8519e-01 -3.5951e-01 -6.4881e-01 -5.8920e-01 -6.7051e-02 -6.9126e-02 -9.7142e-01 -7.2040e-01 -8.9621e-01 -7.4936e-01 -7.7183e-01 -4.9481e-01 -7.1674e-01 -7.7875e-01 -3.6494e-01 -9.3253e-01
1.5216e-02 -8.6541e-01 -1.8770e-01 -2.4408e-01 -9.4353e-01 -4.8667e-01 6.0269e-01 -3.0144e-01 5.7230e-01 -7.6471e-01 -6.8103e-01 -5.7429e-01 -9.2483e-01 -9.3167e-01 -8.6442e-01 -5.0799e-03 -8.3801e-01 -7.5325e-01 -8.4781e-01 -3.9383e-01 -5.9226e-01 -5.9777e-01 -5.5959e-03 -6.6146e-02 -9.5985e-01 -7.4401e-01 -8.6965e-01 -7.1775e-01 -8.2371e-01 -3.0186e-01 -6.3983e-01 -8.0881e-01 -1.1566e-01 -8.9730e-01
2.8989e-02 -9.1629e-01 -2.0050e-01 -3.4868e-01 -8.9706e-01 -5.6106e-01 6.0269e-01 -5.7393e-01 5.7230e-01 -8.2988e-01 -6.7194e-01 -5.4332e-01 -9.4992e-01 -9.2832e-01 -8.4843e-01 1.0346e-02 -8.5944e-01 -7.0103e-01 -8.5085e-01 -3.5837e-01 -5.6573e-01 -6.7441e-01 -3.1505e-02 -5.2545e-02 -9.6084e-01 -7.1960e-01 -8.5624e-01 -7.8029e-01 -8.3417e-01 -1.6335e-01 -7.0871e-01 -8.2746e-01 1.5623e-02 -8.4505e-01
1.0000e+00 1.0000e+00 3.0727e-01 1.0000e+00 1.0000e+00 5.5788e-01 5.5882e-01 -1.0000e+00 3.8656e-01 4.4400e-01 7.4403e-01 -1.4272e-01 1.3440e-01 5.3536e-01 -5.6681e-01 1.0000e+00 4.5130e-01 -1.5861e-01 1.0000e+00 7.9210e-01 -2.5803e-02 1.0000e+00 5.9645e-01 1.0000e+00 1.0000e+00 6.3769e-01 -4.5277e-01 2.5235e-01 5.6158e-01 2.7226e-01 3.2711e-01 5.5967e-01 4.4881e-01 1.0000e+00
5.5964e-01 6.8412e-01 4.5030e-01 6.6584e-01 1.0000e+00 -1.5766e-01 5.5882e-01 -1.0000e+00 3.8656e-01 3.1416e-01 6.3047e-01 -3.5366e-01 -3.3400e-02 3.4883e-01 -7.3242e-01 4.5174e-01 4.1321e-01 2.2879e-01 2.7176e-01 6.2090e-01 -1.0908e-01 1.8498e-02 7.1229e-01 7.8502e-01 -9.7235e-02 3.6621e-01 -5.3125e-01 3.1786e-01 2.7565e-01 -2.1180e-01 3.4841e-01 2.5523e-01 -4.1935e-02 4.8193e-01
2.8703e-01 3.1951e-01 5.6136e-01 2.6615e-01 1.0000e+00 1.0844e-01 6.8463e-01 -1.0000e+00 2.0531e-01 -4.2760e-01 3.9108e-01 -3.8132e-01 -7.4271e-01 -4.8583e-03 -7.5128e-01 2.6013e-01 1.9725e-01 3.1533e-01 -3.4815e-01 3.3488e-01 -5.4832e-02 -2.4965e-01 3.1505e-01 5.2013e-01 -6.9828e-01 -3.3099e-02 -4.8080e-01 -4.9982e-01 5.3104e-02 -4.1482e-01 -4.0678e-01 1.5403e-02 -2.9135e-01 3.7950e-02
-6.4818e-01 8.2342e-01 2.9211e-01 -5.1960e-01 1.0000e+00 1.7024e-01 -9.2960e-01 -1.0000e+00 -5.8129e-01 6.9496e-01 5.4613e-01 1.2733e-01 4.9559e-01 2.1812e-01 -2.9856e-01 -5.7580e-01 1.1708e-01 6.1627e-01 1.1574e-01 5.5766e-01 1.9805e-01 -5.1970e-01 6.6383e-01 -4.8572e-01 -2.7735e-01 2.7209e-01 -2.1245e-01 1.0000e+00 -3.8206e-01 1.1055e-01 1.0000e+00 -2.3161e-01 2.7299e-01 2.3838e-01
-9.9689e-01 8.8632e-01 2.0411e-01 -5.1960e-01 1.0000e+00 3.3581e-01 -9.9914e-01 -1.0000e+00 9.5333e-03 5.9988e-01 9.6975e-01 1.3843e-01 3.5303e-01 9.4190e-01 -2.8618e-01 -9.9229e-01 1.0000e+00 -2.7582e-01 5.5736e-01 1.0000e+00 1.7570e-01 -9.0198e-01 2.8634e-01 -6.5122e-01 2.8271e-01 1.0000e+00 -2.3836e-01 2.4117e-01 7.7529e-01 2.4319e-01 3.9876e-01 7.4439e-01 5.1405e-01 9.9507e-01
-1.0000e+00 7.5574e-01 3.2625e-01 -7.0579e-01 1.0000e+00 3.3581e-01 -9.9914e-01 -1.0000e+00 2.4609e-01 4.1924e-01 9.8528e-01 -1.5662e-01 1.0140e-01 9.7161e-01 -5.7890e-01 -1.0000e+00 8.0464e-01 -1.1364e-01 5.1232e-01 9.9653e-01 -2.8012e-02 -1.0000e+00 5.0714e-01 -9.0360e-01 2.1848e-01 9.9366e-01 -4.5493e-01 1.5824e-01 8.4446e-01 -2.0206e-02 2.2130e-01 8.1961e-01 1.9446e-01 9.1279e-01
-9.2106e-01 6.8940e-01 2.7592e-01 -5.4766e-01 1.0000e+00 -2.7816e-01 -8.7912e-01 -1.0000e+00 4.4452e-01 1.5477e-01 9.8182e-01 -4.2294e-01 -2.2161e-01 9.6497e-01 -7.7841e-01 -9.4304e-01 6.1487e-01 -4.5061e-02 3.2095e-01 9.8449e-01 -2.6488e-01 -8.4497e-01 3.7728e-01 -7.8416e-01 -3.6436e-02 9.7174e-01 -6.6216e-01 1.1183e-01 9.2034e-01 -3.5204e-01 2.2116e-01 8.9117e-01 -2.3366e-01 7.6248e-01
-8.9819e-01 6.5562e-01 3.6992e-01 -5.3998e-01 1.0000e+00 -2.8445e-01 -4.3457e-01 -1.0000e+00 5.3062e-01 2.2435e-01 1.0000e+00 -4.7987e-01 -1.4185e-01 1.0000e+00 -8.1309e-01 -9.0745e-01 5.6248e-01 4.1486e-02 3.0335e-01 9.9941e-01 -2.4823e-01 -7.0013e-01 4.9764e-01 -8.6843e-01 -5.8409e-02 9.9893e-01 -6.4916e-01 1.3283e-01 1.0000e+00 -4.5501e-01 2.8216e-01 1.0000e+00 -3.1753e-01 7.7091e-01
-6.3574e-01 2.4181e-01 7.2308e-01 -5.3998e-01 1.0000e+00 5.5373e-01 -4.1555e-01 -1.0000e+00 6.9465e-01 3.9779e-01 5.4341e-01 -3.3113e-01 7.3185e-02 2.1402e-01 -7.1657e-01 -3.9187e-01 -3.7512e-01 4.8288e-01 -1.3813e-02 4.9162e-01 8.9770e-02 -2.8692e-01 1.1713e-01 -8.8685e-01 -4.1216e-01 1.7733e-01 -3.3404e-01 4.2684e-01 -3.0133e-01 -3.5562e-01 1.7012e-02 -7.3426e-02 -1.6281e-01 1.1601e-01
-4.9969e-01 -5.6530e-01 3.9454e-01 -7.3132e-01 -8.8792e-01 -3.1798e-01 1.2918e-01 3.1929e-01 9.4474e-01 -7.3012e-01 -8.6922e-01 -7.7240e-01 -9.1017e-01 -9.8349e-01 -9.4703e-01 -4.9981e-01 -6.6097e-01 -1.0809e-01 -5.6266e-01 -6.6980e-01 -4.0141e-01 8.8759e-02 -5.2779e-01 -4.7858e-01 -8.3495e-01 -8.9832e-01 -7.5982e-01 -8.3223e-01 -9.4256e-01 -8.3146e-01 -7.8548e-01 -9.2624e-01 -8.1362e-01 -7.9845e-01
-5.3180e-01 -5.5069e-01 4.0691e-01 -7.3132e-01 -7.5406e-01 -3.1798e-01 1.0187e-01 1.9829e-01 8.5324e-01 -5.3836e-01 -7.8420e-01 -7.1227e-01 -8.1222e-01 -9.6418e-01 -9.2555e-01 -4.9269e-01 -5.8474e-01 -9.0122e-02 -4.6500e-01 -6.3744e-01 -3.6220e-01 1.2896e-01 -5.1590e-01 -5.3108e-01 -7.7728e-01 -8.8349e-01 -7.3340e-01 -3.2830e-01 -8.7119e-01 -6.3082e-01 -3.1411e-01 -8.8044e-01 -6.0121e-01 -7.6643e-01
-5.3730e-01 -6.0577e-01 3.4171e-01 -7.6102e-01 -7.5406e-01 -3.5884e-01 1.0187e-01 8.3654e-02 8.5324e-01 -5.5166e-01 -7.5485e-01 -7.1396e-01 -8.1992e-01 -9.5594e-01 -9.2620e-01 -4.8383e-01 -6.0376e-01 -1.3876e-01 -4.5989e-01 -5.8857e-01 -4.1337e-01 1.4583e-01 -5.5245e-01 -4.7920e-01 -7.7405e-01 -8.5945e-01 -7.6761e-01 -3.1980e-01 -8.7986e-01 -6.5445e-01 -3.9073e-01 -8.9689e-01 -5.7229e-01 -7.5825e-01
-5.3858e-01 -6.0114e-01 3.1981e-01 -7.6954e-01 -8.0686e-01 -3.5884e-01 9.5255e-02 8.3654e-02 8.3148e-01 -5.7732e-01 -7.5443e-01 -6.4768e-01 -8.3441e-01 -9.5581e-01 -8.9899e-01 -4.9331e-01 -5.9742e-01 -2.0734e-01 -4.6435e-01 -5.9104e-01 -3.9129e-01 1.5370e-01 -5.5192e-01 -4.6757e-01 -7.7686e-01 -8.6072e-01 -7.5313e-01 -3.6802e-01 -8.5710e-01 -6.9765e-01 -4.9668e-01 -8.5173e-01 -5.9847e-01 -7.6975e-01
-5.5577e-01 -6.0681e-01 3.2341e-01 -7.8570e-01 -8.0686e-01 -3.9024e-01 2.6536e-02 2.7299e-01 8.3148e-01 -5.9752e-01 -7.9223e-01 -6.9940e-01 -8.4546e-01 -9.6629e-01 -9.2055e-01 -5.0223e-01 -6.8161e-01 -1.8561e-01 -4.4190e-01 -6.0808e-01 -4.1907e-01 2.0419e-01 -6.3935e-01 -5.0459e-01 -7.6252e-01 -8.6929e-01 -7.7129e-01 -4.0018e-01 -8.6506e-01 -6.5915e-01 -5.0733e-01 -8.5319e-01 -5.8010e-01 -7.4855e-01
-4.8143e-01 -6.3790e-01 3.7168e-01 -8.1545e-01 -8.9068e-01 -5.5892e-01 2.6536e-02 3.4137e-01 9.2118e-01 -7.3616e-01 -8.8574e-01 -8.7861e-01 -9.1280e-01 -9.8645e-01 -9.7733e-01 -4.4824e-01 -7.2132e-01 7.7422e-02 -5.9352e-01 -6.2906e-01 -4.6470e-01 9.2350e-02 -6.6223e-01 -4.4622e-01 -8.5159e-01 -8.7951e-01 -7.9969e-01 -7.1591e-01 -9.5991e-01 -8.1243e-01 -7.5367e-01 -9.4344e-01 -7.1920e-01 -7.8668e-01
-8.5973e-01 -3.6625e-01 -3.2853e-01 -9.1410e-01 -7.7956e-01 -8.6380e-01 -1.3242e-01 6.1282e-01 4.2550e-01 -4.8746e-01 -8.5120e-01 -7.3148e-01 -7.8145e-01 -9.7996e-01 -9.3275e-01 -8.6294e-01 -5.8159e-01 -8.9897e-01 8.4943e-02 -7.8356e-01 -7.6085e-01 2.8254e-01 1.5173e-01 -1.2085e-01 -3.1061e-01 -9.4356e-01 -9.4077e-01 -3.3393e-01 -8.6631e-01 -7.5521e-01 -2.7165e-01 -8.6111e-01 -7.4318e-01 -7.1941e-01
-7.7453e-01 -2.9995e-01 -2.7940e-01 -8.9709e-01 -7.7956e-01 -7.1503e-01 -1.3242e-01 6.1282e-01 4.2550e-01 -5.5241e-01 -8.6395e-01 -6.8462e-01 -8.2035e-01 -9.8249e-01 -9.1462e-01 -7.7692e-01 -4.6246e-01 -8.8278e-01 -7.0635e-02 -8.2932e-01 -7.1248e-01 1.5366e-01 1.4541e-01 -1.2269e-01 -4.6707e-01 -9.5873e-01 -9.2285e-01 -4.6763e-01 -8.8690e-01 -7.3630e-01 -3.9599e-01 -8.8044e-01 -6.8247e-01 -8.2045e-01
-7.5736e-01 -2.1537e-01 -9.9058e-02 -8.9709e-01 -9.1437e-01 -7.1503e-01 1.6596e-02 7.4646e-01 7.8890e-01 -6.2944e-01 -9.6965e-01 -8.4535e-01 -8.6228e-01 -9.9759e-01 -9.6889e-01 -8.1015e-01 -4.1640e-01 -6.5061e-01 -1.1259e-01 -9.3519e-01 -7.9901e-01 4.8184e-02 4.9529e-02 -3.0681e-01 -5.0597e-01 -9.8717e-01 -9.5350e-01 -4.5522e-01 -9.6530e-01 -6.3496e-01 -3.8548e-01 -9.5132e-01 -5.9600e-01 -9.1250e-01
-7.5409e-01 -2.3871e-01 -1.2175e-01 -9.4895e-01 -9.3987e-01 -9.0051e-01 6.0463e-02 7.4646e-01 7.9434e-01 -7.1743e-01 -9.7825e-01 -9.1287e-01 -9.0457e-01 -9.9836e-01 -9.8502e-01 -7.8584e-01 -4.0608e-01 -6.3791e-01 -1.3142e-01 -9.2336e-01 -8.6320e-01 6.9582e-02 3.8788e-02 -3.0765e-01 -5.2297e-01 -9.8445e-01 -9.7210e-01 -5.3457e-01 -9.8049e-01 -7.0132e-01 -5.0996e-01 -9.6994e-01 -6.5369e-01 -9.1953e-01
-6.9491e-01 -2.4014e-01 -9.4541e-02 -1.0000e+00 -9.2983e-01 -8.2295e-01 6.1284e-02 8.4324e-01 8.3876e-01 -8.1437e-01 -1.0000e+00 -9.5016e-01 -9.4425e-01 -1.0000e+00 -9.9224e-01 -6.9384e-01 -4.0923e-01 -5.8391e-01 -2.4706e-01 -9.2933e-01 -8.7143e-01 2.9611e-02 3.1073e-02 -2.8490e-01 -6.2116e-01 -9.8584e-01 -9.7423e-01 -6.6821e-01 -9.8864e-01 -8.5034e-01 -5.9474e-01 -9.7129e-01 -7.4291e-01 -9.8113e-01
5.4675e-01 5.0434e-01 -5.2830e-01 6.4710e-01 1.0000e+00 -3.4938e-01 7.8062e-01 -9.5480e-01 -7.9244e-01 -1.6147e-01 5.0285e-01 2.7434e-01 -5.3703e-01 1.5361e-01 -1.2599e-01 4.6661e-01 2.7426e-01 -5.5503e-01 1.2922e-01 4.6650e-01 2.2232e-01 5.2043e-02 1.2627e-01 -2.2949e-01 -2.6256e-01 1.4223e-01 -1.8381e-01 -2.6092e-01 9.8051e-02 2.5437e-01 -2.2379e-01 1.6936e-01 3.8057e-01 4.0363e-01
5.9455e-01 3.6593e-01 -6.9736e-01 4.5323e-01 1.0000e+00 -3.9757e-01 8.5513e-01 -1.0000e+00 -7.9244e-01 -2.8328e-01 4.7647e-01 3.5556e-01 -6.3795e-01 1.1515e-01 -2.2618e-02 5.3011e-01 -2.2506e-01 -6.4864e-01 1.8248e-01 4.2716e-01 3.2680e-01 -4.6578e-02 1.6175e-01 -4.4817e-01 -2.0267e-01 8.8326e-02 -5.4828e-02 -4.0752e-01 -7.2522e-03 3.8939e-01 -2.9544e-01 5.7687e-02 3.9372e-01 4.4816e-01
5.6411e-01 3.1985e-01 -3.1946e-01 3.7838e-01 1.0000e+00 -4.9504e-01 8.0214e-01 -1.0000e+00 -3.5746e-01 -2.7507e-01 5.5535e-01 -1.0984e-01 -6.3151e-01 2.3208e-01 -5.3752e-01 5.2772e-01 -2.5047e-01 -4.5945e-01 1.3352e-01 5.0718e-01 -1.5995e-01 -1.6722e-01 2.2759e-01 -7.3098e-02 -2.5781e-01 1.9933e-01 -5.7628e-01 -3.1844e-01 2.6081e-01 -1.0536e-01 -1.5768e-01 2.5247e-01 -3.4261e-02 3.6732e-01
4.7618e-01 2.9147e-01 1.4296e-01 3.0100e-01 1.0000e+00 -3.9133e-01 7.4834e-01 -1.0000e+00 8.5658e-02 -2.5545e-01 3.9664e-01 -3.7489e-01 -6.1590e-01 2.7542e-03 -7.4696e-01 4.5471e-01 -1.5045e-01 -6.3029e-02 -6.1284e-03 3.3930e-01 -2.9602e-01 -1.7320e-01 2.0711e-01 3.7076e-01 -4.0454e-01 -2.7450e-02 -6.8584e-01 -2.3613e-01 1.5228e-01 -5.1953e-01 -1.2586e-01 2.1093e-01 -3.5179e-01 1.2849e-01
5.7174e-01 -2.6766e-01 -2.5278e-01 1.8451e-01 -8.0235e-01 -9.3086e-01 8.7747e-01 6.9807e-01 7.7167e-01 -4.3888e-01 -9.2274e-01 -9.6096e-01 -7.5022e-01 -9.9218e-01 -9.9410e-01 4.9923e-01 -4.3390e-01 -7.9294e-01 1.1584e-01 -8.8100e-01 -9.6709e-01 -8.6960e-01 1.0569e-01 -1.1266e-02 -2.7724e-01 -9.7377e-01 -9.9475e-01 -3.2410e-01 -9.4794e-01 -8.2982e-01 -7.8147e-02 -9.3199e-01 -7.4277e-01 -8.1898e-01
5.4589e-01 -2.7785e-01 -2.1287e-01 1.8451e-01 -8.0235e-01 -9.3086e-01 8.7747e-01 7.2328e-01 7.8525e-01 -4.2186e-01 -9.3083e-01 -9.6759e-01 -7.3885e-01 -9.9326e-01 -9.9520e-01 5.2772e-01 -4.8069e-01 -7.0640e-01 7.5151e-02 -8.7863e-01 -9.5575e-01 -8.5224e-01 8.7336e-02 3.7164e-02 -3.2102e-01 -9.7313e-01 -9.9273e-01 -2.1993e-01 -9.3081e-01 -8.2204e-01 -1.2047e-01 -9.0549e-01 -7.2715e-01 -8.3363e-01
5.1864e-01 -2.3960e-01 -2.4440e-01 7.9068e-02 -9.0614e-01 -9.8113e-01 9.0315e-01 8.1061e-01 7.9434e-01 -5.5464e-01 -9.6718e-01 -9.7572e-01 -8.2163e-01 -9.9736e-01 -9.9649e-01 5.0400e-01 -4.0766e-01 -7.4788e-01 6.3381e-03 -9.1862e-01 -9.7687e-01 -7.8405e-01 1.1237e-01 -1.1406e-02 -3.9207e-01 -9.8333e-01 -9.9641e-01 -3.6172e-01 -9.5594e-01 -8.0785e-01 -2.7151e-01 -9.5129e-01 -7.1413e-01 -8.8929e-01
5.2201e-01 -2.4378e-01 -2.5861e-01 -1.6160e-02 -9.0614e-01 -1.0000e+00 9.0483e-01 7.4959e-01 8.0881e-01 -6.2503e-01 -9.7239e-01 -9.9575e-01 -8.6000e-01 -9.9784e-01 -9.9942e-01 5.3959e-01 -4.3468e-01 -8.0367e-01 1.3377e-03 -9.1791e-01 -1.0000e+00 -7.8967e-01 1.1553e-01 -9.7910e-03 -3.9709e-01 -9.8316e-01 -1.0000e+00 -4.8062e-01 -9.7523e-01 -8.2265e-01 -3.8797e-01 -9.5917e-01 -7.8498e-01 -8.9471e-01
-2.6046e-02 -9.1065e-01 -2.9566e-01 -4.2517e-01 -6.7205e-01 -3.6825e-01 6.7473e-01 -3.2561e-01 6.7019e-01 -9.4079e-01 -6.2128e-01 -6.2799e-01 -9.8510e-01 -9.0829e-01 -8.9017e-01 -5.8481e-02 -8.3403e-01 -1.0000e+00 -9.6421e-01 -3.3417e-01 -6.5943e-01 -5.6722e-01 1.5710e-01 -9.3160e-02 -9.9222e-01 -7.0234e-01 -9.0089e-01 -7.7971e-01 -7.5108e-01 -5.5228e-01 -7.0871e-01 -7.4364e-01 -4.9623e-01 -9.5422e-01
-3.5667e-03 -9.0681e-01 -2.9169e-01 -1.4202e-01 -8.7884e-01 -3.6825e-01 6.7473e-01 -5.1500e-01 5.4240e-01 -7.8337e-01 -6.3503e-01 -6.0651e-01 -9.3235e-01 -9.1396e-01 -8.8017e-01 -5.4950e-02 -8.7693e-01 -9.8373e-01 -8.7874e-01 -3.4416e-01 -6.3846e-01 -5.9028e-01 1.0996e-01 -9.2874e-02 -9.6951e-01 -7.0953e-01 -8.9155e-01 -6.6766e-01 -7.7763e-01 -5.6164e-01 -6.1342e-01 -7.6226e-01 -4.4895e-01 -9.3567e-01
-2.5507e-02 -9.0218e-01 -1.8695e-01 -1.4202e-01 -8.7974e-01 -4.3739e-01 6.3666e-01 -5.1500e-01 5.4240e-01 -7.7924e-01 -6.7857e-01 -6.8045e-01 -9.3070e-01 -9.3077e-01 -9.1291e-01 -7.9854e-02 -8.9040e-01 -6.3970e-01 -9.0355e-01 -3.7035e-01 -6.9107e-01 -5.0045e-01 -6.1915e-02 -7.2681e-02 -9.7670e-01 -7.2796e-01 -9.1428e-01 -7.4936e-01 -7.5342e-01 -6.3026e-01 -7.2213e-01 -7.3647e-01 -5.1460e-01 -9.6403e-01
-4.8040e-01 8.7208e-02 5.0716e-01 -6.4799e-01 1.0000e+00 -1.7336e-01 -2.1519e-01 -1.0000e+00 -2.4874e-01 -1.3205e-01 4.1574e-01 -2.5285e-01 -5.1094e-01 2.9098e-02 -6.5808e-01 -3.7409e-01 -5.4424e-01 6.7206e-01 -4.0650e-01 3.5646e-01 -1.8439e-03 -3.2058e-01 4.1876e-03 -5.1657e-01 -7.3909e-01 -5.3372e-03 -4.2910e-01 -9.9383e-02 -4.7475e-01 -4.7930e-01 -1.9488e-01 -4.9159e-01 -2.9656e-01 -1.3999e-01
-7.5837e-01 7.4306e-01 3.8167e-01 -6.4799e-01 1.0000e+00 4.7669e-02 -6.3407e-01 -1.0000e+00 4.1826e-01 -1.5144e-01 8.6629e-01 -3.6912e-01 -5.2821e-01 7.4965e-01 -7.4304e-01 -7.4192e-01 8.3643e-01 5.5880e-02 -1.1786e-02 8.7210e-01 -1.6254e-01 -6.8765e-01 4.3613e-01 -7.5906e-01 -4.1015e-01 7.7285e-01 -5.7851e-01 -2.0206e-01 5.8939e-01 -2.5792e-01 -1.4716e-01 3.9992e-01 -1.3129e-01 5.4081e-01
-8.3184e-01 6.6787e-01 2.8820e-01 -7.3385e-01 1.0000e+00 4.7669e-02 -6.3407e-01 -1.0000e+00 2.1524e-01 -1.7605e-02 8.9528e-01 -2.7835e-01 -4.0310e-01 8.0251e-01 -6.7772e-01 -8.1963e-01 8.1413e-01 -3.9699e-02 1.3736e-01 8.9226e-01 -1.4562e-01 -7.4567e-01 3.3031e-01 -7.0813e-01 -2.5355e-01 8.0776e-01 -5.6381e-01 -1.8904e-01 6.2063e-01 -2.4557e-01 -8.3541e-02 5.6027e-01 -8.6748e-02 6.3670e-01
-7.0388e-01 6.2733e-01 3.9867e-01 -5.3829e-01 1.0000e+00 -1.2731e-01 -5.2896e-01 -1.0000e+00 2.1524e-01 8.2061e-02 7.7480e-01 -2.8651e-01 -3.0096e-01 5.8797e-01 -6.8388e-01 -6.8257e-01 5.4975e-01 1.9643e-01 -2.8998e-02 7.6257e-01 -9.1311e-02 -6.7592e-01 4.7883e-01 -7.7190e-01 -4.2709e-01 5.8912e-01 -5.1500e-01 -4.5344e-02 2.9100e-01 -2.3664e-01 6.7635e-02 4.0639e-01 -1.4157e-01 4.2755e-01
-6.2833e-01 6.6567e-01 4.7812e-01 -5.3829e-01 1.0000e+00 -1.2731e-01 -3.0876e-01 -1.0000e+00 4.5904e-01 -1.3860e-01 7.1751e-01 -3.4940e-01 -5.1681e-01 4.9073e-01 -7.2946e-01 -6.5054e-01 5.8470e-01 2.7921e-01 -2.0627e-01 7.0811e-01 -8.8461e-02 -7.7061e-01 5.7697e-01 -7.0419e-01 -5.8775e-01 5.0147e-01 -5.1237e-01 -1.0733e-01 1.4234e-01 -3.8578e-01 -6.4869e-02 2.4525e-01 -2.5723e-01 3.2769e-01
-5.3426e-01 3.0824e-01 6.1764e-01 -6.0462e-01 1.0000e+00 1.0111e-01 -2.8058e-01 -1.0000e+00 4.5904e-01 -1.9076e-01 5.2212e-01 -4.5189e-01 -5.6235e-01 1.8212e-01 -7.9639e-01 -5.4848e-01 -1.2351e-01 5.4770e-01 -3.5662e-01 4.7176e-01 -5.8836e-02 -3.4160e-01 1.3942e-01 -6.7646e-01 -7.0438e-01 1.4954e-01 -4.8461e-01 -2.2624e-02 -2.5689e-01 -4.4615e-01 1.8935e-01 -2.2095e-01 -4.0688e-01 1.2662e-03
4.8337e-01 4.7287e-01 -7.2761e-01 7.4659e-01 1.0000e+00 -1.9852e-01 4.0483e-01 -1.0000e+00 -8.7491e-01 1.3407e-01 5.7528e-01 3.9529e-01 -2.4462e-01 2.6255e-01 3.0032e-02 3.5801e-01 2.7265e-01 -9.4224e-01 1.0579e-01 5.3885e-01 3.7052e-01 -2.9978e-02 1.7350e-01 -3.7388e-01 -2.8817e-01 2.4473e-01 1.9257e-03 -1.4518e-01 2.0842e-01 2.2894e-01 -7.0124e-02 1.8588e-01 3.0684e-01 4.2767e-01
5.8079e-01 7.4227e-01 -4.5576e-01 8.5887e-01 1.0000e+00 -1.9852e-01 5.0337e-01 -1.0000e+00 -1.0000e+00 2.5675e-01 6.4247e-01 2.9651e-01 -1.0345e-01 3.6798e-01 -9.8336e-02 4.7073e-01 4.3783e-01 -7.2267e-01 2.8755e-01 6.4195e-01 2.3686e-01 2.7234e-01 1.1028e-01 -2.0982e-01 -7.7924e-02 3.9829e-01 -1.6643e-01 1.3416e-01 2.9222e-01 9.7046e-02 1.2033e-01 2.7535e-01 2.5723e-01 5.6236e-01
7.3272e-01 6.7067e-01 -1.3989e-01 8.5887e-01 1.0000e+00 3.2531e-01 5.0337e-01 -1.0000e+00 -1.0000e+00 5.7697e-01 7.5798e-01 3.9338e-01 3.1972e-01 5.5911e-01 2.7461e-02 6.7247e-01 3.6795e-01 -4.2709e-01 6.0727e-01 7.5057e-01 3.3732e-01 4.0740e-01 1.7842e-01 1.8518e-01 3.5578e-01 5.6960e-01 -4.1318e-02 4.3677e-01 5.0523e-01 9.3957e-02 6.2642e-01 5.1021e-01 3.1479e-01 8.5018e-01
8.4500e-01 6.8295e-01 3.5702e-01 8.4355e-01 1.0000e+00 3.2531e-01 5.4970e-01 -1.0000e+00 -9.9815e-01 3.4141e-01 7.0530e-01 2.5516e-01 7.3529e-04 4.7039e-01 -1.4956e-01 8.4451e-01 3.5286e-01 5.4092e-02 7.2505e-01 6.9783e-01 3.3528e-01 4.0881e-01 2.8871e-01 9.2964e-01 5.3608e-01 4.8520e-01 -4.3941e-02 1.3099e-01 4.3587e-01 7.5209e-01 2.5035e-01 4.9660e-01 9.3682e-01 9.4477e-01
5.3685e-01 -2.2175e-01 -1.1050e-01 1.2244e-01 -8.8612e-01 -9.2145e-01 7.6407e-01 7.9485e-01 8.0522e-01 -3.5949e-01 -9.6942e-01 -9.4680e-01 -6.9528e-01 -9.9757e-01 -9.9164e-01 5.4965e-01 -4.1959e-01 -4.9379e-01 7.1625e-02 -9.3101e-01 -8.8003e-01 -7.4715e-01 5.6039e-02 1.0526e-01 -3.2475e-01 -9.8622e-01 -9.7639e-01 -2.9117e-01 -9.6533e-01 -7.8236e-01 -1.7621e-01 -9.4916e-01 -7.2194e-01 -8.4434e-01
5.6568e-01 -2.1531e-01 -2.3148e-01 1.2244e-01 -8.8612e-01 -9.6335e-01 8.6092e-01 7.8749e-01 7.9888e-01 -3.5968e-01 -9.6160e-01 -9.7339e-01 -6.9541e-01 -9.9681e-01 -9.9612e-01 5.7933e-01 -3.7748e-01 -7.8024e-01 1.1977e-01 -9.3183e-01 -9.6934e-01 -8.0269e-01 1.1153e-01 4.2311e-02 -2.7294e-01 -9.8641e-01 -9.9514e-01 -1.6864e-01 -9.6350e-01 -8.0727e-01 -5.6985e-02 -9.6710e-01 -7.6155e-01 -8.5903e-01
5.3185e-01 -2.5089e-01 -2.0288e-01 8.6704e-02 -8.9249e-01 -9.6335e-01 8.6092e-01 7.8749e-01 7.9888e-01 -4.5166e-01 -9.5922e-01 -9.5593e-01 -7.5861e-01 -9.9657e-01 -9.9325e-01 5.3599e-01 -4.2992e-01 -7.6218e-01 4.6162e-02 -9.0816e-01 -9.4131e-01 -8.1832e-01 8.7985e-02 6.1524e-02 -3.5141e-01 -9.8079e-01 -9.8999e-01 -3.2901e-01 -9.5105e-01 -7.6296e-01 -2.9253e-01 -9.4127e-01 -6.7480e-01 -8.6092e-01
5.4865e-01 -2.5500e-01 -1.5129e-01 -8.4351e-04 -8.9249e-01 -9.6860e-01 8.7665e-01 7.9589e-01 7.9888e-01 -6.3721e-01 -9.7004e-01 -9.6817e-01 -8.6625e-01 -9.9763e-01 -9.9529e-01 5.2178e-01 -4.5139e-01 -5.1176e-01 4.5566e-02 -9.0973e-01 -9.2116e-01 -8.0573e-01 5.9918e-02 1.0536e-01 -3.5203e-01 -9.8118e-01 -9.8587e-01 -4.8987e-01 -9.5934e-01 -8.2438e-01 -4.4122e-01 -9.4486e-01 -7.8484e-01 -8.2939e-01
5.4692e-01 -2.4837e-01 -9.3291e-02 1.5560e-01 -8.3241e-01 -7.0141e-01 9.7601e-01 3.9718e-01 7.9524e-01 -6.9172e-01 -9.2693e-01 -9.2680e-01 -8.9283e-01 -9.9274e-01 -9.8786e-01 5.1465e-01 -4.2672e-01 -4.8467e-01 3.5300e-02 -8.9490e-01 -8.5519e-01 -8.1002e-01 2.8008e-02 1.6986e-01 -3.6263e-01 -9.7744e-01 -9.6997e-01 -5.4132e-01 -9.8303e-01 -8.6690e-01 -4.7289e-01 -9.6923e-01 -7.9005e-01 -8.1080e-01
4.9263e-01 -2.2661e-01 -1.4892e-01 7.5649e-02 -7.9687e-01 -9.5706e-01 8.8244e-01 8.0957e-01 8.3332e-01 -5.3278e-01 -9.6210e-01 -1.0000e+00 -8.0894e-01 -9.9686e-01 -1.0000e+00 4.6004e-01 -4.3941e-01 -6.2352e-01 -3.4259e-02 -9.2488e-01 -9.4082e-01 -7.3736e-01 6.0353e-02 9.3893e-02 -4.3222e-01 -9.8481e-01 -9.8989e-01 -3.1528e-01 -9.5718e-01 -8.4731e-01 -2.2393e-01 -9.4056e-01 -7.5853e-01 -9.0960e-01
5.1224e-01 -2.2363e-01 -1.6710e-01 1.1054e-02 -9.4715e-01 -9.5706e-01 9.2467e-01 7.4646e-01 8.1970e-01 -6.9025e-01 -9.7817e-01 -9.8900e-01 -8.9214e-01 -9.9835e-01 -9.9847e-01 4.9625e-01 -4.0136e-01 -6.9191e-01 -2.4699e-02 -9.3317e-01 -9.4575e-01 -7.5021e-01 6.0986e-02 9.0162e-02 -4.2288e-01 -9.8672e-01 -9.9085e-01 -5.8088e-01 -9.8444e-01 -8.2553e-01 -5.1259e-01 -9.7207e-01 -7.6936e-01 -8.9881e-01
5.3665e-01 -2.5249e-01 -1.6690e-01 1.1054e-02 -9.4715e-01 -9.2561e-01 9.5280e-01 7.4646e-01 8.1790e-01 -6.9714e-01 -9.7417e-01 -9.6902e-01 -8.9535e-01 -9.9801e-01 -9.9543e-01 5.2593e-01 -4.0844e-01 -6.6849e-01 1.6753e-02 -9.1288e-01 -9.3145e-01 -8.0867e-01 5.0711e-02 9.8345e-02 -3.8156e-01 -9.8195e-01 -9.8802e-01 -5.5056e-01 -9.7253e-01 -8.2794e-01 -4.7815e-01 -9.7566e-01 -7.3249e-01 -8.5261e-01
5.2706e-01 -2.7411e-01 -1.3991e-01 7.6360e-03 -9.6356e-01 -9.2561e-01 9.6028e-01 8.0012e-01 8.0976e-01 -7.1737e-01 -9.8231e-01 -9.2577e-01 -9.0454e-01 -9.9870e-01 -9.8765e-01 5.2236e-01 -4.2436e-01 -6.3970e-01 -2.4979e-03 -9.0139e-01 -8.8349e-01 -8.3030e-01 4.3178e-02 1.2078e-01 -4.0092e-01 -9.7910e-01 -9.7725e-01 -6.0877e-01 -9.6440e-01 -6.9836e-01 -5.2310e-01 -9.7278e-01 -5.9600e-01 -8.3311e-01
3.4214e-02 -8.3734e-01 5.5322e-02 -4.0817e-01 -8.5972e-01 -1.0319e-01 6.7141e-01 -3.3176e-02 7.0279e-01 -8.8797e-01 -6.9008e-01 -4.9955e-01 -9.6953e-01 -9.3491e-01 -8.2442e-01 9.7572e-03 -8.1185e-01 -4.3424e-01 -8.6057e-01 -4.1549e-01 -4.4072e-01 -6.2300e-01 -2.9680e-01 5.4318e-03 -9.6393e-01 -7.5840e-01 -7.8499e-01 -7.2709e-01 -7.7310e-01 -4.1306e-01 -6.6376e-01 -7.6297e-01 -3.2027e-01 -8.7195e-01
5.5458e-02 -8.5141e-01 1.4441e-01 -3.2484e-01 -8.5972e-01 -1.0740e-01 6.2257e-01 -1.3309e-01 6.2033e-01 -7.9841e-01 -6.5879e-01 -4.7529e-01 -9.3821e-01 -9.2335e-01 -8.1040e-01 3.3484e-02 -8.5314e-01 -3.2625e-01 -8.0281e-01 -3.9009e-01 -3.7744e-01 -6.7645e-01 -3.9577e-01 4.0540e-02 -9.4445e-01 -7.4148e-01 -7.4383e-01 -6.8246e-01 -7.2867e-01 -4.2551e-01 -6.1853e-01 -7.1714e-01 -2.3133e-01 -8.1291e-01
6.8421e-02 -8.6024e-01 1.0174e-01 -2.8231e-01 -8.1053e-01 -1.0740e-01 6.2257e-01 -2.6458e-01 5.1070e-01 -7.8605e-01 -6.2188e-01 -3.7136e-01 -9.3340e-01 -9.0854e-01 -7.4456e-01 2.1001e-02 -8.6259e-01 -5.0997e-01 -7.8002e-01 -3.6381e-01 -3.1159e-01 -6.7758e-01 -3.8352e-01 4.1106e-02 -9.3603e-01 -7.2341e-01 -6.9736e-01 -6.7254e-01 -7.5178e-01 -2.1013e-01 -6.1342e-01 -7.2215e-01 -1.6801e-01 -7.7239e-01
-3.5565e-01 3.7505e-01 8.7704e-01 -4.8981e-01 1.0000e+00 -4.3323e-01 -2.3753e-01 -1.0000e+00 8.7950e-01 -7.8500e-04 2.7502e-01 -7.8151e-01 -3.8640e-01 -1.5705e-01 -9.5001e-01 -1.2077e-01 -1.4813e-01 1.0000e+00 -4.8452e-01 2.1708e-01 4.8193e-03 -3.3131e-01 4.8004e-01 -4.1094e-01 -7.8941e-01 -1.7785e-01 -4.2242e-01 -1.0494e-01 -7.1645e-01 -6.8884e-01 -9.5781e-01 -9.3910e-01 -9.3449e-01 -3.6771e-01
-6.7954e-01 5.4511e-01 5.1176e-01 -4.8981e-01 1.0000e+00 -4.3323e-01 -4.4533e-01 -1.0000e+00 8.1700e-01 8.5690e-02 9.2249e-01 -7.4482e-01 -2.9710e-01 8.5284e-01 -9.3757e-01 -7.4963e-01 5.3943e-01 2.7027e-01 -6.2879e-02 9.0748e-01 -2.9352e-01 -3.6763e-01 4.4974e-01 -7.7432e-01 -4.5973e-01 8.3434e-01 -6.8397e-01 3.8137e-02 6.1685e-01 -5.7635e-01 1.1521e-01 7.0925e-01 -4.8294e-01 5.1499e-01
-7.3453e-01 5.7996e-01 5.2336e-01 -5.5361e-01 1.0000e+00 -5.2539e-01 -4.4533e-01 -1.0000e+00 8.1700e-01 4.6194e-02 9.5800e-01 -7.8239e-01 -3.3860e-01 9.1956e-01 -9.5030e-01 -8.3568e-01 5.1406e-01 3.3876e-01 5.3518e-03 9.4779e-01 -2.9962e-01 -4.2886e-01 6.6129e-01 -8.5237e-01 -3.9306e-01 9.0564e-01 -6.8852e-01 -1.2039e-01 7.4582e-01 -6.7806e-01 -5.1591e-02 7.1433e-01 -6.2738e-01 5.9774e-01
-7.1615e-01 6.7174e-01 6.8543e-01 -5.9188e-01 1.0000e+00 -2.9282e-01 -3.3438e-01 -1.0000e+00 7.8800e-01 -1.1648e-01 9.0927e-01 -7.5275e-01 -4.9687e-01 8.2830e-01 -9.4036e-01 -7.9649e-01 5.2911e-01 4.7018e-01 -6.8187e-02 9.0721e-01 -1.5131e-01 -5.7865e-01 7.1965e-01 -1.0000e+00 -4.6476e-01 8.3387e-01 -5.6878e-01 -1.7420e-01 6.5747e-01 -7.8400e-01 -1.8160e-01 6.5351e-01 -6.8508e-01 5.9586e-01
-6.4718e-01 6.5025e-01 7.9084e-01 -6.2420e-01 1.0000e+00 -2.9282e-01 -1.5312e-01 -1.0000e+00 7.8800e-01 -1.2530e-01 7.5445e-01 -6.8341e-01 -5.0486e-01 5.5308e-01 -9.1413e-01 -7.3120e-01 3.3619e-01 4.9915e-01 -1.7457e-01 7.4430e-01 -3.5767e-02 -5.1283e-01 1.0000e+00 -9.6139e-01 -5.6085e-01 5.5944e-01 -4.6247e-01 1.3539e-01 3.0326e-01 -6.1237e-01 1.8963e-01 2.9752e-01 -5.0404e-01 3.8673e-01
-4.1705e-01 1.7560e-01 9.3172e-01 -6.2420e-01 1.0000e+00 9.2739e-02 -1.5312e-01 -9.9478e-01 8.2604e-01 -2.1832e-01 1.3702e-01 -6.8620e-01 -5.8556e-01 -3.2163e-01 -9.1526e-01 -2.9457e-01 -3.4656e-01 7.5861e-01 -5.1631e-01 6.3002e-02 8.3099e-02 -3.2970e-01 5.4176e-02 -6.2617e-01 -8.0852e-01 -3.4981e-01 -3.4120e-01 -3.2960e-01 -6.8756e-01 -7.0247e-01 -7.1134e-01 -7.5508e-01 -5.9326e-01 -3.8424e-01
-5.2601e-01 -7.2616e-01 3.2842e-01 -8.4861e-01 -7.8413e-01 -7.2761e-01 1.3912e-01 2.1196e-01 8.8853e-01 -8.1226e-01 -7.1740e-01 -9.5425e-01 -9.4346e-01 -9.4426e-01 -9.9295e-01 -4.9985e-01 -7.9987e-01 -5.0517e-02 -5.3592e-01 -4.9664e-01 -5.2709e-01 2.0120e-01 -6.2683e-01 -4.5716e-01 -8.1991e-01 -8.0887e-01 -8.3564e-01 -7.4936e-01 -8.2640e-01 -8.3909e-01 -7.1397e-01 -8.2672e-01 -7.6388e-01 -7.0759e-01
-5.6172e-01 -7.3234e-01 4.0105e-01 -7.4828e-01 -7.8413e-01 -6.4797e-01 1.3912e-01 2.1196e-01 8.8853e-01 -7.3363e-01 -6.7255e-01 -8.8989e-01 -9.1170e-01 -9.2855e-01 -9.7998e-01 -5.5442e-01 -7.5146e-01 8.4666e-02 -4.6137e-01 -4.6737e-01 -4.4352e-01 2.9293e-01 -8.1029e-01 -5.4815e-01 -7.7498e-01 -7.9130e-01 -7.8673e-01 -6.7625e-01 -6.5786e-01 -7.2011e-01 -6.8755e-01 -6.5624e-01 -6.2478e-01 -6.4009e-01
-5.6113e-01 -6.2368e-01 4.2351e-01 -7.4828e-01 -7.6591e-01 -5.8720e-01 1.4076e-01 2.7409e-01 9.1664e-01 -8.0340e-01 -7.1671e-01 -8.6218e-01 -9.4012e-01 -9.4403e-01 -9.7328e-01 -5.7756e-01 -6.6412e-01 9.9059e-02 -4.7514e-01 -5.5597e-01 -4.1452e-01 2.0595e-01 -6.7363e-01 -5.6648e-01 -7.8362e-01 -8.4232e-01 -7.6836e-01 -7.1336e-01 -7.5707e-01 -7.0648e-01 -6.4246e-01 -7.7370e-01 -5.8791e-01 -6.8652e-01
-5.5381e-01 -6.1656e-01 4.4793e-01 -8.3503e-01 -7.6591e-01 -5.5055e-01 2.5996e-01 2.5827e-01 9.1664e-01 -9.1991e-01 -7.2628e-01 -8.7652e-01 -9.7921e-01 -9.4715e-01 -9.7683e-01 -5.7756e-01 -6.9189e-01 1.3509e-01 -5.0577e-01 -5.6576e-01 -3.9857e-01 1.8781e-01 -6.4581e-01 -5.7771e-01 -8.0228e-01 -8.4756e-01 -7.5795e-01 -8.0624e-01 -7.7473e-01 -7.6800e-01 -7.5118e-01 -7.6869e-01 -6.7973e-01 -6.8537e-01
-5.3574e-01 -6.4458e-01 3.9061e-01 -8.1971e-01 -8.2237e-01 -5.5055e-01 2.3515e-01 2.1306e-01 9.4110e-01 -9.0941e-01 -7.5520e-01 -9.0415e-01 -9.7611e-01 -9.5604e-01 -9.8316e-01 -5.5563e-01 -7.0781e-01 5.5880e-02 -5.3546e-01 -5.6579e-01 -4.5730e-01 2.0042e-01 -6.3244e-01 -5.1620e-01 -8.1965e-01 -8.4758e-01 -7.9521e-01 -8.2173e-01 -8.0221e-01 -7.7050e-01 -7.6183e-01 -7.9374e-01 -6.7987e-01 -7.1939e-01
-7.7221e-03 -8.5802e-01 -3.8933e-02 -1.6329e-01 -8.8155e-01 -5.3168e-01 6.3748e-01 -4.6979e-01 4.6358e-01 -7.5707e-01 -6.5327e-01 -5.2744e-01 -9.2167e-01 -9.2122e-01 -8.3992e-01 -4.1878e-02 -8.5471e-01 -5.0094e-01 -8.7388e-01 -3.8311e-01 -5.0427e-01 -5.8588e-01 -2.1793e-01 -3.7155e-02 -9.6804e-01 -7.3674e-01 -8.2288e-01 -6.7318e-01 -7.7004e-01 -2.4853e-01 -6.0539e-01 -7.6798e-01 -1.1553e-01 -8.8932e-01
-3.0052e-02 -9.4524e-01 3.3108e-02 -5.0681e-01 -9.0705e-01 -5.4530e-01 6.3748e-01 -6.9977e-02 6.9555e-01 -9.4138e-01 -7.3120e-01 -6.3645e-01 -9.8526e-01 -9.4872e-01 -8.9400e-01 -4.7826e-02 -9.5469e-01 -5.2437e-01 -9.6989e-01 -3.6914e-01 -5.6387e-01 -5.5481e-01 -3.6668e-01 -3.8910e-02 -9.9352e-01 -7.2712e-01 -8.5528e-01 -7.5182e-01 -8.6108e-01 -4.5758e-01 -6.8755e-01 -8.5319e-01 -4.3840e-01 -9.0239e-01
-2.3651e-02 -1.0000e+00 -1.4498e-01 -4.8386e-01 -8.7337e-01 -5.4530e-01 6.2257e-01 -6.9977e-02 6.3031e-01 -9.4147e-01 -7.2695e-01 -6.5770e-01 -9.8529e-01 -9.4736e-01 -9.0334e-01 -4.7206e-02 -1.0000e+00 -7.1176e-01 -9.6112e-01 -3.3267e-01 -6.5792e-01 -6.1847e-01 -1.6913e-01 -6.3560e-02 -9.9150e-01 -7.0126e-01 -9.0023e-01 -8.1617e-01 -8.5928e-01 -6.6993e-01 -7.4039e-01 -8.3674e-01 -6.0367e-01 -9.0250e-01
-8.2254e-01 -2.1786e-01 -1.7921e-01 -9.4983e-01 -8.8792e-01 -8.9104e-01 -1.8705e-01 5.5916e-01 7.7257e-01 -6.0323e-01 -8.8996e-01 -9.2387e-01 -8.4853e-01 -9.8717e-01 -9.8728e-01 -8.0656e-01 -3.6558e-01 -7.2079e-01 3.0875e-03 -8.9162e-01 -9.0345e-01 9.9838e-02 9.7775e-02 -2.4999e-01 -3.9533e-01 -9.7659e-01 -9.8197e-01 -5.2338e-01 -9.1310e-01 -7.4325e-01 -4.3582e-01 -9.2482e-01 -6.5369e-01 -8.7577e-01
-8.1676e-01 -2.7222e-01 -1.9693e-01 -9.4983e-01 -8.9249e-01 -8.9733e-01 -1.8705e-01 5.5916e-01 7.8710e-01 -5.1283e-01 -8.7998e-01 -9.0243e-01 -7.9703e-01 -9.8545e-01 -9.8279e-01 -8.1963e-01 -3.6637e-01 -7.6040e-01 7.6920e-03 -8.5478e-01 -8.9389e-01 1.7120e-01 8.8907e-02 -2.3932e-01 -3.9071e-01 -9.6642e-01 -9.7975e-01 -3.4883e-01 -8.8853e-01 -7.4161e-01 -2.5837e-01 -9.2190e-01 -6.6164e-01 -8.5132e-01
-8.2496e-01 -2.6664e-01 -1.2592e-01 -8.9199e-01 -8.3422e-01 -8.8896e-01 -1.3986e-01 6.6440e-01 7.8710e-01 -5.1773e-01 -8.8969e-01 -8.7852e-01 -7.9999e-01 -9.8713e-01 -9.7731e-01 -8.6055e-01 -3.8067e-01 -5.6585e-01 2.0787e-02 -8.6372e-01 -8.3948e-01 1.6003e-01 6.0967e-02 -3.1175e-01 -3.7746e-01 -9.6899e-01 -9.6564e-01 -4.6954e-01 -8.9288e-01 -6.3211e-01 -3.7220e-01 -8.9259e-01 -4.9363e-01 -8.2191e-01
-8.3568e-01 -2.7904e-01 -9.4557e-02 -8.8262e-01 3.9771e-01 3.8261e-02 -2.4829e-01 6.1386e-01 7.8166e-01 -3.5367e-01 -7.4448e-01 -7.5809e-01 -6.9105e-01 -9.5284e-01 -9.4221e-01 -8.0836e-01 -5.1804e-01 -5.7479e-01 6.8488e-02 -7.5519e-01 -7.2612e-01 1.8852e-01 1.6693e-02 -3.3367e-01 -3.2807e-01 -9.3328e-01 -9.2810e-01 -3.3700e-01 -8.9524e-01 -7.9188e-01 -2.9530e-01 -8.8253e-01 -6.6164e-01 -7.5446e-01
-7.8569e-01 -2.0745e-01 -1.1519e-01 -8.8262e-01 3.9771e-01 3.8261e-02 -2.4829e-01 6.1386e-01 6.9101e-01 -4.2773e-01 -7.6114e-01 -7.3719e-01 -7.4280e-01 -9.5777e-01 -9.3483e-01 -7.5970e-01 -4.2279e-01 -6.3255e-01 -2.9110e-02 -8.0010e-01 -7.1746e-01 5.5398e-02 4.7916e-02 -3.1956e-01 -4.2720e-01 -9.4924e-01 -9.2479e-01 -5.6239e-01 -9.4145e-01 -7.8295e-01 -4.8091e-01 -9.2766e-01 -6.9316e-01 -8.4050e-01
-7.2824e-01 -1.1393e-01 -1.1853e-01 -8.4946e-01 -8.1871e-01 -8.5855e-01 -1.2827e-01 9.0003e-01 6.9101e-01 -5.0528e-01 -9.7262e-01 -8.7057e-01 -7.9244e-01 -9.9787e-01 -9.7538e-01 -7.1698e-01 -3.5845e-01 -6.4694e-01 -1.3981e-01 -1.0000e+00 -8.2927e-01 -7.1761e-02 8.1500e-02 -2.7800e-01 -5.3044e-01 -1.0000e+00 -9.6271e-01 -5.2645e-01 -9.7924e-01 -7.5440e-01 -4.7303e-01 -9.6990e-01 -6.7754e-01 -1.0000e+00
-7.2642e-01 -1.7148e-01 -8.1801e-02 -8.4946e-01 -8.1871e-01 -8.5855e-01 -1.2827e-01 8.2956e-01 7.8890e-01 -5.7966e-01 -9.5114e-01 -9.4553e-01 -8.3571e-01 -9.9570e-01 -9.9141e-01 -7.3832e-01 -3.8544e-01 -5.5870e-01 -1.5669e-01 -9.5402e-01 -8.5965e-01 -3.7834e-02 4.6306e-02 -3.2225e-01 -5.4533e-01 -9.9126e-01 -9.7116e-01 -6.0632e-01 -9.7093e-01 -7.9834e-01 -5.2586e-01 -9.5701e-01 -7.0632e-01 -9.7655e-01
