-3.31288 -3.865415 3.957085 33.156 36.641999999999996 39.208 -39.228 -37.35 -38.48 10.699898418979613 9.246575741727991 11.103349288158473 113.9153870456 85.07166713277498 122.66794358777501 -5.353 -2.365 1.551 11.17544455223147 10.000654991299319 11.761227201487099 453.83876799999985 -784.28532 -654.6418020000001 124.89056094 100.013100255 138.326465285 11.683250000000001 7.95875 4.491750000000001 4.7695 3.6870000000000003 1.8384999999999998 21.069260000000014
-3.821805 -0.702275 5.39979 12.755999999999998 28.999000000000002 39.208 -33.539 -19.326 -9.117 7.61367939808732 5.917081573810746 8.960256810855503 57.678273406974995 34.83679507937501 79.8847711059 -3.39 -1.1395 2.4515000000000002 8.502027220904429 5.943903200338983 10.442341842230604 23.014895000000138 -266.418008 -1024.3815749999999 72.284466865 35.329985255 109.04250315 8.8575 5.15575 8.63825 4.6255 2.375 3.5239999999999996 17.058889999999998
5.108885 -0.7108 5.529135 34.056 12.699000000000002 39.208 -31.24 -25.666 -17.028 9.716596704058556 5.2745113908361505 10.277271975728308 93.94019025177501 27.681368060000004 105.094207666775 4.989000000000001 -0.536 2.8914999999999997 10.956317638467768 5.309105828668329 11.647555173297098 -53.611689 -257.04657299999997 1302.5493219999998 120.040896195 28.1866047 135.665541515 9.806000000000001 5.688 10.716 4.654499999999999 2.844 5.228 19.252869999999994
5.55321 -1.1965649999999999 4.2832099999999995 34.018 16.147000000000002 39.208 -20.303 -19.499000000000002 -19.518 8.297843393970163 4.525184763242537 8.514435589216385 68.5099339659 20.374910655775004 72.1331353359 8.083 -1.743 1.743 9.96735046388958 4.669762141158799 9.512046217297309 -336.93211600000006 -218.69773299999997 1007.6419539999999 99.34807527 21.806678455 90.47902324 11.0415 3.3805 6.31975 1.7999999999999998 1.4645 2.71 17.050995000000004
2.452895 1.017845 9.05207 34.018 16.147000000000002 39.208 -20.303 -19.499000000000002 -19.518 7.65179120252311 4.647140837200751 7.73524739659519 58.257159063974996 21.487938370975 59.534882025099996 2.202 1.6085 8.982999999999999 8.017097538698152 4.745940034914055 11.894320212185313 98.41066599999999 860.780735 1970.0977100000002 64.273852945 22.523946815000002 141.47485331 4.686749999999999 3.40425 4.702500000000001 1.9155000000000002 1.7229999999999999 2.2790000000000017 18.187150000000017
-4.40773 -3.01969 3.36339 34.899 36.603 39.208 -39.228 -38.595 -38.94 10.829678651537998 8.971356041872948 10.8717502198179 116.6955299971 80.0828030839 117.6039780779 -6.569 -2.719 1.091 11.667202481743425 9.444645614315025 11.354134505544666 1108.3806510000002 -512.4680020000001 -706.495258 136.12361375 89.20133078 128.91637037 9.413499999999999 2.95425 2.34625 2.184 2.1354999999999995 1.053 19.96636000000001
-8.111995 -2.07405 1.2718500000000001 7.374 22.353 37.178000000000004 -31.316999999999997 -24.709 -6.225 4.252082246633487 5.1381920834992805 6.819806395629524 17.989802414974996 26.269012797500004 46.277210477500006 -8.408 -2.241 -0.517 9.153920760799714 5.529077337133203 6.920607841801181 1650.409263 -28.863930000000003 -194.66504900000015 83.794265295 30.5706962 47.894812900000005 1.0102499999999992 3.275 1.53575 0.6699999999999999 1.3209999999999997 0.823 14.589175000000004
-2.82126 -2.864315 5.652445 13.714 22.353 37.178000000000004 -31.316999999999997 -24.709 -6.225 6.9033008740157005 6.097469585203967 7.623703640815923 47.4172851424 36.993239665775 57.830252916975006 -2.1925 -1.5990000000000002 5.238 7.44155851485426 6.722911577954897 9.475251310387494 117.369043 -1087.68767 -352.53394099999997 55.376793129999996 45.197540085 89.780387395 8.159 4.945749999999999 10.576749999999999 5.1240000000000006 1.9434999999999998 5.563000000000001 16.51641999999999
0.46485 -3.80531 8.947605 13.714 3.428 15.457 -4.118 -17.679000000000002 -2.241 3.0852393109007994 3.19722543878785 2.738984255657322 9.4711080975 10.1711392539 7.464524578974999 -0.21 -2.8244999999999996 9.404 3.1124256810404325 4.965030055296744 9.35543477423684 -170.528775 -3454.533534 151.733971 9.68719362 24.651523450000003 87.524159815 2.15375 2.3989999999999996 1.8047500000000003 1.1015000000000001 0.8424999999999996 0.7374999999999998 14.923205000000003
3.433265 -0.905595 6.387885 32.217 19.901 39.189 -29.478 -20.495 -29.305999999999997 9.668007213598154 5.214243773706132 11.142322842360652 93.003011664775 27.052396440975 123.53060153177499 3.3609999999999998 -1.2830000000000001 4.6445 10.236714327605322 5.279441139457851 12.819347733211702 -126.82351999999997 -481.150017 1283.1286589999997 104.790320225 27.872498745 164.335676305 9.911 3.0060000000000002 10.90225 4.97 1.4170000000000003 5.4205 19.518125000000005
8.610435 -1.488225 3.62364 14.48 15.859000000000002 19.25 -2.164 -6.895 0.153 3.5074303577329564 3.942770417766048 3.439123741733463 12.240557375775001 15.467711374374998 11.7684342504 9.931000000000001 -2.758 2.0395 9.294092116231688 4.205059455584427 4.989909929046815 -1238.015294 -62.50127999999998 3037.2272970000004 86.380148265 17.682525025 24.8992011 1.7717500000000008 1.1300000000000001 2.7685 0.5460000000000012 0.565 0.5939999999999999 15.902050000000004
4.511775 -2.322665 7.262805 14.48 15.859000000000002 20.666999999999998 -4.079 -10.113 0.153 4.523718161468173 4.657284234937782 3.8184929855084038 20.361705874375 21.581844962775005 14.507984236975 3.237 -2.739 7.039 6.381051600245842 5.1939019691365 8.20099510455896 -555.480813 -1394.335056 2971.480214 40.717819525 26.976617665 67.256320705 6.49775 3.9262499999999996 4.994249999999999 2.9215 1.8865000000000003 2.404 16.651935
1.82213 -6.23777 7.6886 3.735 1.455 20.666999999999998 -4.079 -10.764000000000001 3.045 1.3987135378284299 2.6373090303770894 2.4113793921455664 1.9466175631000002 6.9206219271 5.78567682 2.068 -7.5365 6.876 2.2949455984837646 6.769815100872403 8.056068940866878 -1084.330767 -4927.289855999999 1397.852481 5.2667753 45.8303965 64.90024678 0.7370000000000001 3.524 2.1167500000000006 0.39250000000000007 0.6604999999999999 0.6224999999999996 16.123440000000024
6.95365 2.2928 4.819965 15.015999999999998 26.509 19.748 -12.699000000000002 -2.7960000000000003 -5.669 5.20976076549282 6.118612500777719 4.282822067056409 27.0058991975 37.25023184 18.250852033775004 9.098 -0.737 3.8305000000000002 8.680964665289217 6.519751811227171 6.440723145346334 590.2853 1096.203758 3236.757549 75.35914752 42.50716368 41.482914635 5.861249999999999 6.132750000000001 3.8882499999999993 1.8390000000000004 1.2834999999999999 1.3984999999999999 17.445205
5.1738349999999995 0.41999000000000003 6.108635 14.997 26.509 19.748 -12.699000000000002 -8.177999999999999 -5.669 4.331143009253798 7.468721484495511 4.079626480805498 18.665005767775 55.502891609900004 16.560135461775 6.4254999999999995 -2.5469999999999997 6.225 6.740443188322262 7.461855212344983 7.3399970725471 -451.03552199999996 -6.053683000000008 3243.2217090000004 45.433574375 55.67928321 53.875557025 2.8824999999999994 9.729 1.728749999999999 1.1490000000000005 3.2850000000000006 0.9770000000000012 18.82687
-3.223985 -4.68722 4.419455 32.926 18.483 38.251 -39.228 -36.335 -34.955999999999996 9.306546984172922 8.402893834601143 8.454807420667716 86.17875768477501 70.2555816716 71.126349677975 -2.5949999999999998 -3.3035 2.02 9.827147956808222 9.603416735724842 9.521445907791525 440.67071200000004 -1338.785934 -544.446733 96.572836965 92.225613 90.657932175 9.98275 9.073500000000001 3.91275 4.788 4.8845 1.982 19.107400000000005
-2.907115 -4.43975 4.56605 26.145 27.677 39.016999999999996 -39.228 -36.508 -39.189 10.215682141681699 7.480715061856281 9.601799103167487 103.83836081177502 55.681292347500005 91.73357328750001 -2.4895 -4.309 2.7 10.59668242588217 8.682895393242969 10.610484715129651 596.0546260000003 -1724.306256 -135.828454 112.289678435 75.39267241 112.58238589 11.1665 6.282500000000001 7.7515 5.6215 3.093 3.5040000000000004 20.379304999999988
10.2531 -0.361225 4.413905 38.346 20.973000000000003 39.208 -0.498 -8.198 -4.731 5.492549249326892 5.809947454278946 6.619830443559896 30.017256769999996 33.586711974375 43.603044325975 9.941 -3.0069999999999997 1.9625 11.625115757703231 5.806650968932091 7.942644501360992 -580.711908 -172.834027 4430.771778 135.14331638 33.717195475000004 63.085601675 2.279250000000001 4.1225 4.070500000000001 1.5615000000000006 1.1875000000000004 1.6764999999999999 19.658599999999996
8.13828 0.09265999999999999 6.635025 38.346 20.973000000000003 39.208 -0.498 -8.198 -4.731 6.080445225664939 5.9122686310951025 6.929742723611914 36.7869550716 34.780145764400004 47.781227544375 6.0715 -1.474 5.746 10.149805733608892 5.898197321216032 9.581481320495282 -141.10312599999997 -250.271855 5392.205532 103.01855643 34.78873164 91.804784295 6.871249999999999 7.569499999999999 6.416499999999999 2.5380000000000003 2.864 3.2944999999999993 19.800894999999993
7.974845 0.954705 3.641075 16.605999999999998 33.175 13.58 -17.392 -8.198 -3.658 5.0552596522566144 8.277119205356014 3.5447929565631187 25.427871900974996 68.16814882797499 12.502729319375 9.586500000000001 -2.6039999999999996 2.5469999999999997 9.435360336256377 8.311414468368184 5.075446431103376 116.932838 303.57203100000004 2893.3058969999997 89.026024675 69.079610465 25.760156475 4.577999999999998 5.49625 4.5685 1.2254999999999994 0.852 1.5709999999999997 18.085634999999996
-2.51022 -4.120505 6.08661 30.685 37.772 34.803000000000004 -29.804000000000002 -26.72 -32.006 8.273810924700204 7.799426807310133 8.67492943842822 68.11366748159999 60.526903229975 74.87812875790001 -1.5795 -4.118 5.765000000000001 8.626405504611984 8.803718798610051 10.579458873212754 528.4803770000001 -2298.739894 -887.602424 74.41487193 77.50546468499999 111.92495005 8.52775 6.814000000000001 6.67 4.3855 3.649 3.7540000000000004 19.37509500000001
-5.418685 -4.23162 3.415835 13.714 17.315 37.944 -39.228 -36.316 -10.937000000000001 7.864055495733412 7.222909296754717 5.941093944219804 61.534151995775 51.909566615600006 35.12011426777499 -6.2245 -3.2175000000000002 2.279 9.533955062040103 8.355607365117152 6.8401785806366195 1511.56947 -977.237482 -1066.247195 90.896299125 69.81617444 46.788043015 7.758 8.015749999999999 3.7065 2.6720000000000006 2.9685 1.6664999999999999 16.578699999999998
-4.008905 -1.60973 4.803535 16.511 29.823 39.208 -23.483 -27.39 -7.2589999999999995 7.885319923596145 6.703259111857718 8.936978023905725 61.867378945975 44.7090143071 79.47022831877501 -6.5120000000000005 -1.2830000000000001 1.1395 8.82828965570342 6.877517355848695 10.126409868013441 565.718585 -500.852598 -750.331592 77.938698245 47.30024498 102.544176815 10.245999999999999 2.552 7.991 4.2905 1.2165 2.9875 17.41489
5.236475 2.158335 0.43754499999999996 16.07 28.271 9.557 -35.646 -5.995 -13.35 10.366326236307769 7.5892131035059975 5.691113818087557 106.92341603937501 57.308174752775 32.226832607975 10.151 -0.986 2.375 11.590689645788983 7.87188571595142 5.693705141206386 322.434862 572.645706 -294.84042800000014 134.344086465 61.966584725000004 32.418278235 8.160499999999999 5.7835 7.76175 3.7539999999999996 1.9345 4.242 19.760395000000006
-7.913305 -1.65048 2.38915 8.158999999999999 16.855 39.208 -21.51 -19.748 -16.453 6.087929398719566 4.487843873483548 8.562592360210527 36.877569941975 20.0400389196 72.9513979875 -7.718999999999999 -2.336 0.804 9.974866714147112 4.771176285781104 8.869015487076341 1028.865282 -67.27244300000001 -945.980331 99.497965965 22.76412315 78.65943571 7.82925 4.864 3.0255 3.8689999999999993 2.4130000000000003 1.397 16.840715000000007
-3.469925 1.05936 6.588755 10.707 16.855 39.208 -21.51 -19.748 -16.453 6.156954601032142 4.979517384981871 9.419863138214295 37.718549509374995 24.671615420400002 88.29015243497498 -3.447 1.0724999999999998 6.79 7.054000922526161 5.078765502560638 11.476142421780935 -184.837633 307.15747000000005 -2085.2503150000002 49.758929015 25.79385903 131.70184488499999 5.234 3.99725 11.591999999999999 2.662 1.9914999999999998 4.425 17.62047
-2.43171 2.393985 8.810105 10.707 16.396 25.015 -9.519 -2.911 -1.608 3.3843085969362314 2.6223881315199478 3.5888785252947204 11.3962769559 6.842534914775 12.815648823975 -3.3034999999999997 2.336 8.3795 4.1604675794915185 3.545941214261738 9.509658192332678 -540.02774 2105.5615669999997 -2125.9606089999997 17.30949048 12.573699095 90.43359893499999 2.9157500000000005 1.8437499999999998 1.7715000000000005 1.2545000000000002 0.8714999999999999 0.8809999999999993 15.142019999999995
-2.379565 -4.4994 4.61582 20.973000000000003 33.883 34.152 -39.228 -30.397 -24.804000000000002 8.692830366727428 7.0953366488704415 8.140751296777214 75.187473285775 50.09208315000001 65.94047251760001 -1.915 -3.7249999999999996 2.6039999999999996 8.991651843515742 8.386696817579608 9.340571009847313 310.07091800000006 -1537.545954 -347.9330879999993 80.84980287500001 70.33668351 87.24626679 8.388 7.317 5.937999999999999 4.194 3.419 2.491 17.996545
6.85583 0.5689599999999999 2.750435 22.448 39.228 33.52 -20.552 -9.826 -11.052 8.192322795460706 7.94988058179012 7.465599642755063 66.77858202110001 62.884598258400004 55.456502135775 9.04 -2.011 2.2504999999999997 10.66681709836632 7.950365635617018 7.938601566082026 260.50575200000003 249.94588199999998 1478.2186350000002 113.78098701 63.208313739999994 63.021394825 6.9624999999999995 4.103249999999999 4.87375 1.5889999999999986 1.1875 2.5955000000000004 19.472774999999995
5.029915 4.716145 0.92727 37.121 39.228 33.52 -20.552 -22.945999999999998 -12.239 8.919439827813456 9.118990855080964 8.794302091324093 79.15862480777501 82.74021424397499 76.9530505271 4.501 4.0794999999999995 0.009500000000000001 10.220502419891108 10.246084027812769 8.82116093153276 2336.243112 633.6394 383.0136049999999 104.458669715 104.98223790499999 77.81288018000001 9.198999999999998 9.235999999999999 5.9605 4.577500000000001 4.615499999999999 2.8055000000000003 20.85632000000001
4.290655 4.279965 4.02752 37.121 21.491 28.884 -15.878 -22.945999999999998 -12.239 5.033474386342383 5.641933965238833 6.6562617211239905 25.209185075975007 31.672261773774995 44.0842909996 3.352 3.275 4.98 6.604461023051009 7.0703862818802214 7.765642816277345 1720.546432 1065.6539000000002 1668.900259 43.618905405 49.990362174999994 60.30520835 2.10225 4.70725 8.992750000000001 1.1200000000000006 1.1679999999999997 4.232999999999999 16.55615999999999
-4.63833 -3.010475 4.418355 23.732 36.91 37.465 -33.558 -37.829 -39.228 8.021883785523336 9.616305736584728 8.897271540381999 64.02886637110001 92.01096933937501 78.765633658975 -5.353 -2.9395 2.0395000000000003 9.248944348410797 10.053553056755609 9.914004970999358 1169.2132569999999 -784.909674 -1443.162009 85.54297156 101.073929065 98.287494565 7.90075 6.057 7.298 3.208 3.266 3.6285000000000003 19.63751
8.516005 -1.84768 2.38063 22.831 23.464000000000002 35.071 -17.009 -39.208 -5.056 5.0381473607984715 6.127715949797856 4.602493961585627 25.256014184975005 37.3611582476 21.077035913100005 9.6625 -2.5375 2.049 9.888293854098386 6.385536753476563 5.171502210189996 -1422.0054 -383.273798 2076.6852360000003 97.778355345 40.77507963 26.74443511 1.2879999999999985 1.53775 1.0244999999999997 0.5359999999999987 0.5844999999999999 0.48849999999999993 16.266004999999996
-4.198965 -3.881935 2.9895549999999997 34.209 31.451 39.208 -39.074 -24.268 -37.58 9.792286575445658 7.10049627614951 9.646020099803028 95.40943199377502 50.164962130775 92.580475246975 -6.808999999999999 -2.9205 0.9475 10.632061844487172 8.076780390415479 10.075609874593198 1070.4355489999998 -675.2723529999998 -454.22655499999996 113.040739065 65.234381475 101.51791434500001 10.879000000000001 5.124 1.8335 2.2025000000000006 2.5765000000000007 0.8714999999999999 18.664355000000008
1.293285 -7.912475 2.686845 34.209 31.451 39.208 -39.074 -24.268 -37.58 9.245354958861869 6.807165281172553 9.694788287045165 85.04920537377498 46.10581166937501 93.51897533097501 3.332 -9.538 0.6890000000000001 9.312453568474854 10.42655610904195 10.036837718375248 -798.3980590000001 -1500.09988 43.027176 86.721791465 108.713072295 100.738111385 1.4657499999999999 3.495499999999999 1.8725 0.9379999999999997 0.37349999999999994 0.756 19.75786500000001
-1.1100700000000001 -3.669485 6.0450099999999996 17.947 16.261 38.71 -39.228 -36.144 -6.665 8.981329755441557 6.495966660478271 8.766171254442332 80.26096275510001 41.986594939774996 76.46152966989999 -0.2105 -1.9435000000000002 3.352 9.02735942344161 7.44659083775925 10.630318695598925 130.784866 -1875.015725 -303.743253 81.49321816 55.451715105 113.00367557 11.36675 5.238500000000001 8.47525 5.2955 2.2024999999999997 3.3425 17.818475
7.92737 -1.4485949999999999 3.545775 37.868 18.809 35.32 -36.469 -24.976999999999997 -14.02 9.370326295145086 5.91547314027726 8.282158168255119 87.3639998031 34.817858360974995 68.251173204375 8.963999999999999 -2.6039999999999996 1.3304999999999998 12.255904492121338 6.0758773716229655 8.990199861793952 -706.3022060000002 -240.74261799999996 1754.771776 150.20719492 36.916285835 80.823693555 2.8634999999999993 3.4612499999999997 3.66275 1.4369999999999985 1.1880000000000002 1.8279999999999998 19.72732999999999
2.588975 -0.66589 7.37719 37.868 18.809 35.32 -36.469 -24.976999999999997 -14.02 10.328964777325517 6.703809091822199 8.67395907611806 106.15407580437503 44.71635105789999 74.8613782239 0.0665 -0.28700000000000003 6.397 10.623411286164156 6.720101230636337 11.370325875717016 -18.461500000000008 -287.009346 993.3533350000002 112.856867355 45.159760549999994 129.28431052 10.385750000000002 5.02225 7.64325 5.506499999999999 2.547 3.8405000000000005 20.081655
7.72746 -1.24919 4.383355 33.213 11.703 36.565 -9.979 -14.499 -11.032 6.958285734302739 4.160359694526328 7.760492888233103 48.17565165839999 17.2220498239 59.92412361897499 9.328 -2.729 1.8769999999999998 10.386976928346382 4.333881110505916 8.895949902905254 -574.6291730000002 -201.18129299999998 2405.452849 107.88928971 18.78252548 79.137924675 5.25325 3.75875 6.26275 2.1454999999999993 0.9480000000000002 2.681 17.70974499999999
3.000305 0.17304999999999995 8.731345 33.213 11.703 36.565 -9.979 -14.499 -11.032 7.690924454628913 4.029828862470963 6.982569405562143 58.85456737197499 16.1583230575 48.512494125974996 0.38299999999999995 0.249 9.232000000000001 8.237499466767805 4.023464845130374 11.169103797306203 19.624021 218.83835299999993 1777.9669800000001 67.856397465 16.18826936 124.748879635 4.46725 4.0215 5.100249999999999 2.0105 2.0679999999999996 2.5859999999999994 17.011639999999996
9.23356 -1.85401 2.033865 18.464000000000002 23.808000000000003 38.308 -14.04 -33.539 -8.6 4.351994691561202 5.489587472020537 5.73562894403861 18.845158506399997 29.984892759900003 32.732952186775 9.883 -2.5564999999999998 1.13 10.20312642183757 5.781197612951836 6.07203088142674 -1625.1705860000002 -372.106332 1701.800519 104.10378878 33.42224584 36.869559025 0.7137499999999992 1.7762499999999997 0.8049999999999999 0.34500000000000064 0.6805000000000003 0.3640000000000001 16.367554999999996
6.2034 -1.6789450000000001 4.55689 18.503 37.216 33.864000000000004 -3.926 -36.469 -5.5729999999999995 5.4411986744719565 8.60175739213451 6.715812553905595 29.458609800000005 73.620279081975 44.876627567899995 5.9755 -1.4460000000000002 2.049 8.242619811686087 8.742947752045646 8.101967294429175 -868.2740580000001 -648.175571 1825.147769 67.94078136 76.439135395 65.64187404 7.24 3.21225 6.915 3.6870000000000003 1.5704999999999998 2.7575000000000003 17.188175
3.322515 -4.026975 7.9780500000000005 18.503 37.216 33.864000000000004 -3.926 -36.469 -0.555 3.48199915859803 8.816126060119295 5.107114381333172 12.063696549774999 77.335458314375 25.952204217500007 3.1315 -5.8705 7.5945 4.806537472547151 9.672227559616253 9.465806147391781 -1109.902305 -2950.3848590000002 2755.523389 23.102802475 93.551985965 89.60148602000001 2.265 5.31 1.5177499999999995 1.1685 1.4370000000000003 0.766 19.166470000000007
-2.850285 -2.43058 6.289035 24.421 19.785999999999998 39.208 -39.228 -33.424 -13.159 8.674063109518778 8.297492001270973 7.824690273304158 74.863173973775 68.50413164359999 60.919648983775 -3.466 -2.4130000000000003 5.631 9.10973647011811 8.626230392239707 10.02355277409163 257.4410569999999 -940.7118040000003 -1582.834817 82.987298555 74.41185078 100.471610215 8.4405 8.159 7.877 3.869 4.3095 4.3575 19.69811999999999
7.11733 -0.06103000000000006 4.88296 14.345999999999998 18.886 21.318 -3.141 -7.776 0.804 4.205061345055312 5.765525757936316 4.13566707669346 17.5941282111 33.0750808291 17.0182234584 8.303 -2.662 4.348 8.261386962247924 5.751417693925559 6.392301762276247 -101.044067 177.84242 2748.5313639999995 68.25051454 33.07880549 40.86152182 6.02375 7.967 4.5495 1.6759999999999984 3.2275000000000005 2.5765000000000002 16.98586
3.7547449999999998 -0.81703 7.49005 14.345999999999998 18.886 21.318 -3.141 -11.626 0.804 3.8506162882024286 6.521257736158496 3.7626301780515075 14.753109569974999 42.314168449099995 14.0865989275 3.102 -2.729 7.01 5.371333129214758 6.556043507329707 8.377794932438961 -108.07389899999995 -617.129213 2628.9259220000004 28.851219585 42.98170647 70.18744793 2.56725 10.806750000000001 4.037250000000002 1.446 4.386 2.107 17.123254999999997
-4.196235 3.73773 7.29138 1.57 39.228 18.579 -30.971999999999998 -39.208 -6.416 6.193427338782533 18.29301455322008 3.9259723829080593 38.166749489775 332.9612095371 15.336192855600002 -0.6890000000000001 3.466 8.772 7.468275414377807 18.626106278285857 8.27649775931825 -892.0887190000001 2345.317803 -2922.333281 55.775137664999995 346.93183509 68.50041516 8.039250000000001 5.7700000000000005 3.6202500000000013 1.1480000000000001 2.557499999999999 1.0530000000000008 24.946564999999993
-8.63477 2.8547550000000004 5.651585 2.892 39.228 22.678 -30.971999999999998 -39.208 -6.416 5.997800316807947 26.043747017056074 4.588372236608906 35.7937405971 674.8853748949751 20.947893982775 -8.59 6.3495 5.544499999999999 10.504903309883431 26.134938320283062 7.272434736386429 -569.7442509999998 1739.502283 -4906.051223 110.35299355 683.035001005 52.888306995 6.799999999999998 43.81925 5.664499999999999 3.3904999999999994 21.1935 2.7864999999999993 37.202700000000014
-9.270014999999999 3.5322950000000004 5.214895 2.892 39.228 22.678 -28.578000000000003 -39.208 -7.853 6.102493552027539 26.337567467183014 4.7278296936369415 37.054225414775 690.199122787975 22.240611743975002 -9.2225 7.565 5.401 11.089968598467717 26.50804086980023 7.031055511443497 -1134.3375950000006 1729.2063660000001 -5041.3370190000005 122.987403515 702.676230755 49.435741605 6.847749999999997 43.62825 5.785000000000001 3.1884999999999994 22.4685 2.6820000000000004 38.14987500000001
-9.784559999999999 5.3235850000000005 4.835255 2.7 39.228 16.645 -28.578000000000003 -39.208 -7.853 6.451301196038676 26.946369910239714 4.721183110172054 41.4111906864 722.476317082775 22.178122109975003 -10.256499999999999 10.2945 4.6635 11.71105482354173 27.4010378331734 6.749652807737594 -2419.786938 2426.323082 -4643.6986289999995 137.14880508 750.816874335 45.557813025 7.694749999999999 44.911 6.0435 3.6684999999999994 21.7395 2.9595000000000002 39.55482000000002
-7.5628 3.86228 6.2368 3.39 39.228 14.863 -24.019000000000002 -39.208 -3.275 6.830220869461554 24.48446761281558 4.365953781490426 46.418657540000005 596.4917085116 18.966244659999997 -6.9334999999999996 4.606 6.406499999999999 10.179125766980187 24.726684276505818 7.606833697406561 -998.7037070000001 2364.1858330000005 -4888.845521 103.61460138 611.40891531 57.8639189 11.1235 32.09675 6.2445 5.612000000000001 16.051000000000002 3.16 34.669219999999996
-11.08598 -3.2337350000000002 0.70278 -3.543 -0.114 4.692 -20.265 -11.664000000000001 -3.0260000000000002 4.272773211179228 2.4495892722636063 1.952594602061575 18.1653079596 5.970485164775002 3.7935625516 -10.438500000000001 -2.5755 0.249 11.877047634829117 4.053088601918294 2.0706188157166925 3713.451324 -116.153298 -619.9562579999999 141.06426052 16.427527215 4.28746228 6.119749999999998 3.1935000000000002 3.4955000000000003 3.055000000000001 1.5605 1.4740000000000002 15.993625
-11.77165 -4.0066 1.35744 -4.865 0.114 4.692 -20.265 -9.155 -1.6280000000000001 3.8470109322778545 2.4026782543590497 1.9190324499915583 14.725495647499999 5.74399848 3.6642721164 -11.473 -3.677 1.0915 12.38132623631249 4.668708819363229 2.346681799903856 4789.542278000001 -449.43381500000004 -1552.180973 153.29723937 21.79684204 5.50691547 5.693249999999999 4.228250000000001 3.5185000000000004 2.835000000000001 1.8674999999999997 1.771 17.662529999999993
-10.943235 -4.29666 1.325155 -3.0260000000000002 0.114 4.635 -20.054000000000002 -9.155 -1.34 4.276954814138902 2.623959008596356 1.6400904807051035 18.200880769774997 6.850735074399999 2.6764473009749996 -10.324 -4.319 1.1585 11.745436264141059 5.031105467986136 2.1053463076178227 4682.080282999999 -477.9862 -1409.329342 137.955273035 25.31202223 4.432483075 6.225249999999999 4.980999999999999 2.83875 3.0074999999999994 2.4899999999999998 1.4075000000000002 16.926000000000002
-10.64238 -4.008315 0.184405 -3.0260000000000002 1.6469999999999998 3.715 -22.218000000000004 -18.158 -5.247999999999999 4.896871052634596 3.560713101999197 1.9873069328115889 23.859449375599997 12.615284405774998 3.929641900975 -9.1455 -4.2805 0.249 11.709812186367465 5.355546054792172 1.9908910329297282 4545.97034 8.454926000000002 -28.660414999999993 137.11970144 28.681873545 3.9636471049999997 6.689499999999999 5.798500000000001 2.2497499999999997 3.074499999999999 2.8919999999999995 1.1099999999999999 16.40770000000001
-10.635475 -3.293865 0.477835 -3.8110000000000004 1.6469999999999998 5.899 -22.218000000000004 -18.158 -5.247999999999999 4.029136645725065 3.1622116420506394 2.4029579485056396 16.152772399375 9.949584556775 5.745335867775 -9.835 -2.6239999999999997 0.2585 11.369525094523514 4.560606450352848 2.444107639814579 3208.136329 -81.74066400000002 -416.338023 129.266100875 20.799131195 5.9736621549999995 5.616999999999999 3.7684999999999995 2.302 2.3940000000000006 1.8009999999999997 1.053 15.936704999999991
-9.730825 -3.25206 1.533255 -5.152 -1.091 5.899 -15.419 -7.393 -1.072 2.3536175437155094 1.3493337743393456 1.8686755285845247 5.511817964375 1.8115981263999998 3.474488489975 -9.596 -3.0735 1.168 10.010033623569905 3.519586960141773 2.413578129044098 3252.60035 -500.335233 -1540.9761249999997 100.200773145 12.38749237 5.825359385 3.084250000000001 2.15075 3.1885 1.5330000000000013 1.0435000000000003 1.5315 14.828499999999988
-11.519775000000001 -3.703235 1.24861 -1.819 0.9 4.941 -23.349 -12.182 -2.0869999999999997 4.861715603304256 2.5640826564525185 2.2496447732763607 23.518097214375004 6.541647269775 5.035597097899999 -10.812 -3.505 0.7659999999999999 12.49893248501647 4.500621816482695 2.568000005841122 4314.028942000001 -363.449249 -1384.3274139999999 156.223313265 20.255596735 6.59462403 7.340999999999999 3.3807500000000004 4.218 3.360999999999999 1.6955 2.049 17.39424000000001
-11.001375 -3.90228 1.675075 -3.141 -0.785 4.941 -19.997 -7.546 -1.781 4.131316782353513 1.8967188096325904 1.9567196088128116 16.982439464375002 3.5795545316000004 3.809607869375 -10.706499999999998 -3.9935 2.106 11.747880291993102 4.336743447565236 2.572058344011659 4438.761121 -595.250613 -1799.4011540000001 138.012691355 18.80734373 6.615484125 6.129 3.3662499999999995 3.35575 2.777 1.7145000000000001 1.6955000000000002 17.032430000000005
-9.612495 -3.47822 1.33473 -2.911 -1.015 5.707000000000001 -19.211 -8.753 -1.3980000000000001 4.161568576276288 1.9315551475534425 1.6187527760128309 17.232059749974997 3.7122507616 2.6072587471000004 -8.849 -2.9395000000000002 0.919 10.470535796939908 3.976212410070669 2.094937450140218 3318.643606 -468.436157 -1409.019318 109.632119875 15.81026513 4.3887629200000005 6.215750000000001 3.3187500000000005 2.44175 3.3994999999999997 1.1969999999999996 1.2925 14.690545000000002
-9.897305 -2.81226 1.122755 -2.911 -0.306 5.707000000000001 -19.211 -10.668 -3.85 3.7789588555759215 1.8438754801590205 1.6213468019631645 14.209127381975 3.3828774024 2.615621624975 -9.5475 -2.106 0.996 10.590834416843649 3.3603100615865795 1.9688068506077474 2791.535309 -316.316702 -1149.832903 112.165773645 11.29168371 3.876200415 5.305249999999998 2.2697499999999993 2.203 2.7295 1.0719999999999998 1.015 14.232120000000009
-9.552025 -3.5895449999999998 1.172845 -5.343999999999999 26.203000000000003 15.917 -20.878 -10.668 -3.85 2.9974397876819636 4.183323815905075 2.5533815338216312 8.939722054375 17.412697157975003 6.487158470975 -9.079 -3.7055 1.1005 10.009041095679446 5.504319255366642 2.8040548969305155 3149.491855 -467.47989599999994 -1213.2572989999999 100.180903655 30.297530465 7.8627238649999995 3.333000000000001 3.89275 2.3027499999999996 1.7239999999999984 1.9825 1.1385 15.753434999999977
-8.9027 -3.72503 0.7591 -5.516 26.203000000000003 15.917 -22.353 -15.245999999999999 -6.013999999999999 3.2941755040155773 4.892499889108289 3.3497723915778046 10.797334289999998 23.8168723891 11.164870200000001 -8.025 -3.84 0.536 9.489752450933587 6.1394397863323 3.4265292950739537 3345.093968 -237.06482400000004 -549.469999 90.05540158 37.69272089 11.74110301 2.4037499999999987 3.79225 1.7422499999999999 1.1879999999999988 1.944 0.8619999999999999 15.898729999999999
-3.02075 3.03388 8.475075 2.145 39.228 26.509 -32.907 -39.208 -6.129 6.521420253912541 16.42149315754253 4.798286271691228 42.316277517500005 268.31711033560003 22.908433389375 1.3019999999999998 1.264 9.787 7.1722526503184465 16.658977705429585 9.733207572275438 -346.54508799999996 1725.682917 -1857.4570169999997 51.441208079999996 277.52153819 94.73532964500001 7.6555 2.46675 1.479750000000001 0.20150000000000023 0.7470000000000001 0.14399999999999924 23.908665000000006
-8.25252 3.58976 6.9281250000000005 2.145 39.228 26.509 -32.907 -39.208 -6.129 6.379397988295238 25.009149106427785 6.377992399227048 40.4932350996 622.3302513323999 40.475393109375 -7.316 5.0275 6.808999999999999 10.42100385999352 25.203504283928456 9.406078307403144 -1414.823522 898.6921979999996 -5346.327165 108.59732145 635.2166281899999 88.474309125 5.741500000000001 40.233000000000004 7.0585 2.930999999999999 20.561999999999998 3.4284999999999997 37.374474999999975
-8.96124 2.747275 6.760125 0.593 39.228 23.138 -24.076 -39.208 -2.719 5.230316569720946 26.525128398220534 5.6912613132815535 27.219430362399997 700.064524359375 32.228503059375 -8.9635 6.387499999999999 6.3395 10.369341960799629 26.60097825804532 8.827672007669971 -320.20147600000007 966.8508019999997 -5697.769559 107.5232527 707.612044285 77.927793075 6.445500000000001 48.498 7.24075 3.3039999999999994 23.511499999999998 3.6390000000000002 39.12842999999999
-9.443445 3.2695 6.43476 0.095 39.228 22.429000000000002 -19.614 -39.208 -2.719 4.922431016534177 26.599260229634567 5.268903811922978 24.109175476975 703.9830415399999 27.6225406424 -9.719999999999999 7.4985 6.311 10.643675537378991 26.73336252307218 8.308349830140756 -975.2685750000002 482.69059200000015 -5870.282246 113.287828945 714.67267179 69.0286769 7.259499999999998 46.357 7.507999999999999 3.3810000000000002 23.119 3.8594999999999997 39.57177500000001
-7.52986 2.862965 6.78057 0.708 39.228 22.429000000000002 -19.614 -39.208 -2.432 5.2558973673465506 22.50401772780232 4.676835521759124 27.486334850400002 503.89865982377495 21.7634265451 -6.244 1.072 6.7225 9.175245308437262 22.629521170696467 8.2304043685593 -632.403118 1907.6713079999995 -5492.773957 84.18512647 512.095228415 67.73955607 9.01275 25.133999999999997 5.7225 3.7634999999999996 13.57 2.8735 32.76383500000003
2.96548 -8.833775 4.206535 7.604 1.8769999999999998 23.444000000000003 -0.555 -19.537 -1.992 1.6764485372627613 4.293942563433438 4.767996851788846 2.7964272996 18.345753024375 22.620125008775002 3.0925000000000002 -7.7284999999999995 3.8785 3.404482182359015 9.817399542394107 6.349414281254611 -2569.900627 -3560.681249 1156.655005 11.590498929999999 96.381333775 40.315061715 2.1405000000000003 4.304750000000002 3.6585 0.9864999999999995 1.9349999999999996 1.6565000000000003 16.430069999999997
3.0179 -8.814225 3.94748 8.312000000000001 -1.436 20.456 -0.555 -18.426 -1.6280000000000001 1.7137982090980075 3.988990734480825 4.181148293815273 2.9224187800000005 15.832486844375003 17.3945910496 3.275 -7.7855 3.6675 3.4684491044269334 9.670731574963702 5.742576895436401 -2646.558961 -3340.7918019999997 1222.0391419999999 12.03013919 93.523049195 32.9771894 2.00175 3.706249999999999 4.39175 0.8905000000000003 1.561 1.9255 16.075544999999995
10.54895 -4.229955 0.04381000000000001 16.798 -2.4130000000000003 2.719 6.5889999999999995 -8.274 -3.198 2.2326785696730704 1.2502927669109942 1.524553090096443 4.959929327499999 1.5554158429749998 2.3126408139 10.122499999999999 -3.85 0.0285 10.781478350857087 4.409981308917309 1.521367848352265 -4547.232447 5.840692 122.27849400000002 116.24027543 19.447935145 2.3145601300000003 2.62875 1.92 2.57075 1.120499999999998 0.7949999999999999 1.3115 16.07888500000001
10.6655 -3.71613 0.47086 16.798 -1.6469999999999998 3.198 5.688 -7.144 -1.359 2.787236198842987 1.2750070580551514 1.268333584197793 7.729842199999999 1.6175147831 1.6006267304 10.592 -3.332 0.402 11.021920542718494 3.9277394210919847 1.3499392097424232 -4049.509289 -127.64815599999999 464.199901 121.48273245 15.42713696 1.82233587 4.042 1.9637499999999992 2.25925 2.0595 0.7945 1.139 15.508669999999997
10.783185 -3.767995 0.625555 16.012 -1.6469999999999998 3.198 5.688 -7.144 -0.861 2.767602932273458 1.3544537050674172 1.194756002917557 7.621327860775 1.8253721149749997 1.420304696975 11.1375 -3.4185 0.44 11.130966112831361 4.002893757645836 1.345965733219089 -4146.833864 -225.037011 735.050823 123.89840660499999 16.023158435 1.811623755 4.51075 2.0547500000000007 2.1830000000000003 2.2989999999999995 0.9675 1.0045000000000002 15.598754999999997
10.565975 -3.899755 0.811105 15.285 -2.03 2.873 6.359 -6.569 -0.8809999999999999 2.414619641775333 1.227710687677757 1.2061003874879124 5.801236074374999 1.4997371649750002 1.4474047539750001 10.658999999999999 -3.792 0.555 10.837022828018767 4.087520791996046 1.450963843450277 -4218.418476000001 -311.60205399999995 857.058486 117.441063775 16.707826225 2.105296075 3.8547499999999992 2.2504999999999997 2.43675 1.924999999999999 1.1204999999999998 1.1385 15.637235000000002
10.902145 -3.842695 1.10204 14.575999999999999 -2.164 2.853 6.7989999999999995 -8.427 -0.8809999999999999 1.934471694717531 1.298995449516403 1.1688345560846014 3.723469833975 1.678952231975 1.3593433484 10.841000000000001 -3.524 1.3980000000000001 11.07159588474037 4.05527521815721 1.6043177708920386 -4152.86964 -398.247379 1168.7401519999999 122.580235435 16.445257095 2.57383551 2.9974999999999987 2.1555 1.9967499999999998 1.4654999999999996 0.9479999999999997 1.0345 16.0905
10.628525 -4.0644 1.42094 14.155 -1.494 6.704 7.047999999999999 -13.235 -0.6509999999999999 1.7302399663284864 1.9220360540231352 1.5347637653650112 2.9787616893749997 3.6757514799999997 2.3437223164 10.707 -3.524 1.245 10.767743745325667 4.493895730877608 2.088729949036017 -4272.910136 -583.419436 1522.426187 115.94430536499999 20.19509884 4.3627928 2.1357500000000016 1.7999999999999998 2.299 1.1110000000000007 0.843 1.178 16.279165
-5.78851 -7.051305 4.651295 -1.3980000000000001 -0.134 10.458 -11.280999999999999 -14.48 1.5130000000000001 2.567561013430536 3.60655278025413 1.624371973878709 6.5594077099 12.942186841975 2.625391387975 -5.612 -6.876 4.7015 6.329791128465457 7.916002087228122 4.925437702884891 4035.3610599999997 -3360.7198980000003 -2686.0309580000003 40.06625573 62.663089045 24.259936565 2.9930000000000003 6.19675 1.9922499999999994 1.5899999999999999 3.1125000000000007 0.9485000000000001 17.491109999999992
-6.272905 -6.687895 4.704765 -1.3980000000000001 -1.5319999999999998 10.458 -12.315999999999999 -13.925 1.379 3.079082596187658 3.643951217614855 1.8093176341597423 9.433345885975001 13.211988573974999 3.2572621497750003 -5.6785 -5.496499999999999 4.8069999999999995 6.9844601097722645 7.611828171011218 5.039055055761945 4009.8444560000003 -3144.152019 -3012.471622 48.782683025 57.939928105 25.392075854999998 5.16675 6.015000000000001 2.4235000000000007 2.3465 2.470499999999999 1.2164999999999995 17.665565
-5.762785 -7.29698 4.766925 0.976 -1.838 9.749 -12.315999999999999 -14.595 0.6890000000000001 3.1825586493508315 3.587495468748561 1.803625026315826 10.078036158775001 12.805773119600001 3.236797919375 -5.401 -6.091 4.6635 6.579340933178642 8.12721909634532 5.09513217443866 3988.598391 -3505.844982 -2842.305988 43.287727115 66.05169024 25.960371875 3.80725 5.9475 2.452000000000001 1.9350000000000005 2.059 1.2449999999999997 17.86248999999999
-5.04717 -7.485185 4.970915 1.3980000000000001 -2.7960000000000003 10.324000000000002 -11.799000000000001 -16.453 0.6890000000000001 3.096354702439077 3.494103204945304 1.8528273757142029 9.539475381099999 12.147713420775 3.4158044377750003 -4.865 -6.6555 4.7115 5.917212214379334 8.256858234522378 5.3033763184409235 3874.483017 -3891.341684 -2722.791227 35.01340039 68.175707905 28.125800375 5.128500000000001 5.133500000000001 2.509 2.5380000000000003 2.3274999999999997 1.2064999999999997 17.57526
-4.872945 -7.43077 4.794805 1.3980000000000001 -2.355 10.324000000000002 -9.883 -16.453 1.168 2.5656104707090788 3.432539225525889 1.5975539458888786 6.549445301974999 11.723413907100001 2.5394177169749996 -5.0755 -6.723 4.692 5.504092865768166 8.181671999047628 5.052679754842969 3795.6051390000002 -3629.693363 -2444.116591 30.295038275 66.9397567 25.529572705 3.946 4.58325 1.7857500000000002 2.0495 2.165 0.8619999999999992 17.135469999999994
-3.384645 -7.775855 4.816365 0.038 -2.355 8.083 -8.158999999999999 -15.342 1.5319999999999998 2.2768741264976797 2.926857874764395 1.298077376798386 5.158235008974999 8.523664533975 1.676579851775 -2.7769999999999997 -7.4695 4.75 4.07603444354927 8.30587656511942 4.987379238137001 2570.0998899999995 -3679.197494 -1589.691311 16.614056785 68.987585515 24.873951665 3.8027499999999996 4.4435 1.7809999999999997 1.6859999999999997 2.0305 0.9000000000000001 15.977624999999996
-4.935165 -7.38102 4.46592 -1.5130000000000001 2.26 13.484000000000002 -10.534 -16.472 1.551 1.931933594834265 3.674735888311461 2.197832441475924 3.7137055777750003 13.436165429599999 4.806315103600001 -4.558 -7.393 3.984 5.2980712674519586 8.241093475382987 4.97501322108796 3803.9997250000006 -3296.087601 -2126.258139 28.069559155 67.91562167000001 24.750756550000002 2.4234999999999998 3.1745 2.3997499999999996 1.1875 1.8009999999999993 1.1109999999999998 16.883184999999987
-4.79612 -7.659295 5.06836 -0.6509999999999999 2.26 13.484000000000002 -10.534 -17.621 1.704 2.1250460203352572 5.616833571043297 2.446402617977309 4.4932414856000005 31.391075267974998 5.954961340400001 -4.731 -7.144 4.6445 5.243663656261717 9.489777403343032 5.625231944551264 3905.2069899999997 -3832.385953 -2492.0786949999997 27.49600854 90.055875165 31.64323443 3.15075 8.969000000000001 3.2417499999999997 1.58 4.6065 1.5515 17.640135
-4.379245 -8.922625 5.14975 0.9 0.6890000000000001 12.699000000000002 -10.017000000000001 -17.621 -0.191 2.1949453593718777 5.814424615766996 2.5771325827838645 4.793696204975 33.638495944375 6.6084042875 -4.252 -8.523 4.836 4.896068113803158 10.641979742275401 5.755721444788656 3551.4101600000004 -4640.846879 -2265.2291109999996 23.971482975 113.251732835 33.12832935 3.3900000000000015 10.687749999999998 3.745000000000001 1.6659999999999995 4.9990000000000006 1.848 18.521440000000013
-4.38079 -8.40841 5.651395 0.9 1.321 13.331 -10.017000000000001 -17.583 -0.191 2.492425610327232 5.372191349101108 2.900311386674432 6.181124495900001 28.7161376919 8.369747108975 -3.974 -7.891 5.401 5.0371068600934 9.970832283214872 6.348859153816533 3622.22442 -5005.123777999999 -2512.813649 25.37244552 99.41749641999999 40.308012555 3.9174999999999995 8.64325 4.3475 1.992 4.4245 2.1835 18.561185000000002
-4.73633 -7.53482 5.2875499999999995 -0.402 1.321 13.331 -9.557 -16.166 0.708 2.499887830870552 4.058985537739435 2.530690107381382 6.2181919711 16.3929867776 6.3723704575 -4.673 -7.269 4.75 5.35266418150812 8.553741825072814 5.859228230748481 3642.021691 -3792.382369 -2453.8196399999997 28.65101384 73.16649921 34.33055546 4.15225 5.827999999999998 2.7962500000000015 2.0975 2.8914999999999997 1.3789999999999996 17.624750000000017
-6.131505 -5.847295 4.144795 -0.861 -0.6509999999999999 10.285 -13.963 -13.216 0.747 3.317262978468331 2.822272646722351 1.6176378128129334 10.949212499975001 7.925396777974999 2.6036683329749994 -6.2055 -5.4295 3.9545 6.9673930608944366 6.489703814119715 4.447807766192242 3785.325239 -2337.514815 -2552.041226 48.544566065 42.116255595 19.782993925 5.584 3.9509999999999983 1.5037500000000006 2.6045000000000007 1.7720000000000005 0.7470000000000003 16.12359500000001
11.522905 -3.223645 0.927105 17.832 -0.9570000000000001 4.4239999999999995 4.367 -5.746 -1.494 3.476474442408371 1.5030253507509446 1.6347133180272553 12.025445175975001 2.247789778974999 2.6589261939749997 11.9705 -2.6905 0.478 12.033402877615291 3.555232322225932 1.8757531487378605 -3750.99226 -270.766256 1147.459336 144.802784815 12.639676865 3.518449875 5.1 2.5469999999999997 2.89125 2.5474999999999994 1.0919999999999999 1.149 16.173404999999985
11.81779 -3.8834 1.15709 19.02 -1.723 4.4239999999999995 5.5729999999999995 -8.217 -1.053 3.327695494244036 1.571631591466805 1.5262698681597109 11.018189515900001 2.45767573 2.3178522119 11.7605 -3.83 1.149 12.27511099746149 4.187895806965592 1.9122524624118025 -4684.924723 -425.73795999999993 1363.9138030000001 150.67835 17.53847129 3.65670948 4.981000000000002 2.9025 2.8047500000000003 2.5095 1.4460000000000002 1.379 17.269399999999987
12.064165000000001 -3.83922 1.359845 19.02 -1.723 3.447 6.377999999999999 -8.217 -0.727 3.021763387099173 1.4951122011642979 1.30743042743694 9.085398697775 2.2241836916 1.7008274509749999 12.056999999999999 -3.409 1.6469999999999998 12.4350100862444 4.118712650816999 1.8841459272041532 -4616.510972 -487.200697 1593.149561 154.629475845 16.9637939 3.550005875 4.769250000000001 2.557499999999999 2.24575 2.3560000000000008 1.149 1.0824999999999998 17.45689000000001
11.11171 -3.647885 1.425525 16.261 -1.723 3.62 5.8420000000000005 -6.32 -0.861 2.872285794332035 1.2080446810994465 1.4020371536718925 8.2087755559 1.4520750917749998 1.955879639375 11.2045 -3.505 1.6564999999999999 11.475141597383448 3.84176262475963 1.9969980383064976 -4176.589914 -513.488689 1631.5553850000001 131.67887468 14.759140065 3.988001165 4.1374999999999975 2.0547499999999994 2.284 2.0305 1.0344999999999998 1.1974999999999998 16.419949999999993
10.603015 -3.27927 1.31595 16.491 -1.053 4.309 5.439 -5.5729999999999995 -1.455 2.8905177701708333 1.0339610604236322 1.6859684741951433 8.313317514775001 1.0637300970999999 2.8282772475 10.5825 -3.0925000000000002 1.0819999999999999 10.988050082020923 3.4376360816700755 2.1354160367478743 -3550.510111 -424.75114599999995 1443.001202 120.737244605 11.81734183 4.56000165 3.6674999999999986 1.8579999999999997 3.0822499999999997 1.8289999999999997 0.8905000000000003 1.58 15.614364999999998
-9.51102 -3.4369899999999998 1.410975 -5.439 -1.264 5.152 -15.304 -8.485 -0.938 2.21603285119782 1.4817560748065555 1.4859804385298843 4.8862475896 2.1846230599 2.197097174375 -9.672 -2.9875 1.3885 9.764514787228292 3.7413264118491436 2.0464475622404796 3434.947507 -468.726966 -1309.1800150000001 95.34574903 13.997523319999999 4.187947625 2.7922499999999992 2.1062499999999993 2.3365 1.3979999999999997 0.7180000000000002 1.2159999999999997 14.58672500000001
-9.778505 -3.3448 1.23048 -5.19 -1.264 4.865 -16.281 -8.906 -1.015 2.3921152368787624 1.5514346675378217 1.6964404204393688 5.693604229974999 2.39491478 2.8635205496000005 -9.672 -2.9015 1.091 10.065424196972522 3.685458156050616 2.0922718704795513 3475.440834 -402.36371299999996 -1326.8021939999999 101.312764265 13.58260182 4.37760158 2.8779999999999983 2.3417500000000007 2.9395000000000002 1.4455 1.0445 1.484 14.760885000000005
-10.35582 -3.39126 1.126935 -4.099 -0.919 4.865 -18.980999999999998 -8.906 -1.015 3.6261406547235855 1.939042661888365 1.754296466174163 13.083151567599998 3.7410870124 3.0621683107750006 -10.036 -3.007 0.5645 10.969328121630786 3.904066008663275 2.08138194596763 3693.4575419999996 -402.13640599999997 -1366.340772 120.32615944 15.2417314 4.332150805 4.87475 2.806500000000001 2.7 2.4515 1.3599999999999999 1.1385 15.274165000000005
-10.5497 -3.47947 1.27273 -0.708 1.7619999999999998 4.558 -21.566999999999997 -9.155 -1.015 5.022989160903372 3.057326274515728 1.4106747760269172 25.104268009999995 9.3005077291 1.9800533071000002 -10.0655 -3.179 1.101 11.679059812330783 4.626793620856673 1.8973389154286588 4104.40305 -440.12056299999995 -1436.395176 136.4004381 21.40721921 3.59989496 7.244999999999998 5.406 2.0537500000000004 3.5725000000000002 2.2695 1.025 15.734880000000002
-10.190565 -3.621815 2.40096 -0.708 10.247 10.554 -21.566999999999997 -14.135 -1.015 4.647412786034179 3.869178872384622 1.9013972853096521 21.490453375775 14.895692420775 3.5972350784000002 -9.1265 -3.8110000000000004 2.336 11.195448557114627 5.29275318855886 3.059713058441918 3782.767132 -821.130653 -2300.3519770000003 125.338068395 28.013236315 9.361844 5.425250000000002 5.483 2.2125000000000004 2.3365 2.7485 1.1205 16.985839999999993
8.12405 4.713865 4.196885 29.726999999999997 39.228 18.387999999999998 -4.175 -39.208 -36.048 6.466250373047325 23.85723589331171 9.212972047690835 41.6033319175 566.3218659467749 84.454459681775 7.6129999999999995 8.5135 6.502 10.373211668523881 24.259892604564428 10.102885893891907 2977.281661 1657.0139719999993 3056.2975020000003 107.60352032 588.542389185 102.06830338500001 7.719 33.653499999999994 8.087499999999999 3.917 17.191499999999998 3.8790000000000004 37.41329
8.873855 6.17875 -0.3791700000000001 29.726999999999997 39.228 15.189 -5.19 -39.208 -39.036 7.124331397632444 22.697061437928156 13.906220146210629 50.502317373975 512.5808149275 192.4160439611 7.795 7.718500000000001 4.711 11.368712325281168 23.468228874160918 13.87659229962457 4753.438479999999 1133.716142 166.2866349999999 129.247619935 550.75776649 192.55981385 8.13075 31.69525 11.481749999999998 3.7159999999999997 15.7925 4.6259999999999994 38.89819499999998
7.7885 3.070195 -0.3402700000000001 22.525 39.228 15.360999999999999 -1.053 -39.208 -38.691 4.755943091907991 21.735876590622908 12.74787775251494 22.50589972 470.086089506975 161.69584525710002 6.895 2.509 4.328 9.119574111218133 21.897766709073334 12.720519994481355 1954.3705909999999 172.91364899999996 124.59650699999989 83.16663197 479.512186845 161.81162893 5.5497499999999995 29.204500000000003 8.446499999999999 2.739 15.236999999999998 3.793 34.694805
7.92286 3.125675 -4.4815700000000005 19.977 39.228 19.555999999999997 -2.815 -39.208 -39.189 5.002639920207757 19.485655671135248 15.348992480483195 24.9012741404 377.792323049375 234.4136123151 7.288 0.2675 1.896 9.363385323695697 19.686598671558265 15.95299601893011 2414.892824 35.15721700000003 -2802.79424 87.67298472 387.56216725499996 254.49808198 6.354499999999999 26.79625 15.98275 2.979 10.945500000000001 6.148000000000001 34.999455000000005
6.3493 3.167195 -3.715205 34.037 39.228 19.555999999999997 -6.952999999999999 -39.208 -39.189 6.875781149226632 19.254364125213446 14.9420227325377 47.03998458 368.87688517697507 222.147723122975 5.7365 0.689 1.781 9.346314518033294 19.465559569275175 15.360679389760083 2078.007054 -401.76164500000004 -2405.022119 87.35359507 378.908009345 235.95047131500002 8.86375 25.15325 16.988 4.4914999999999985 11.5015 7.441 34.15688000000002
-3.82115 -7.458175 4.969785 -0.153 -1.857 11.280999999999999 -8.198 -15.130999999999998 2.432 1.9014592591139974 2.795337714672478 1.4359659710890185 3.5974695774999996 7.774843374374999 2.051688278775 -3.84 -7.7379999999999995 4.721 4.265988384888079 7.9623625705565555 5.172083837777572 2971.0923669999997 -3772.784403 -1956.81536 18.1986569 63.399217705 26.750451225 2.82075 2.9879999999999995 1.7715 1.3889999999999996 1.4364999999999997 0.871 16.249109999999995
-3.404225 -8.202535 5.27673 2.394 -1.857 12.488 -8.657 -15.130999999999998 1.8769999999999998 2.47313162499446 3.1881414615208565 1.9107392442185784 6.085798134375 10.113424748774998 3.6326698371 -3.3994999999999997 -8.1115 4.999 4.204110605704849 8.797443104391185 5.610396539461361 2602.3540580000004 -4473.89275 -1749.646193 17.674545984999998 77.395005175 31.47654933 3.13675 4.352999999999999 2.2744999999999997 1.705 2.1739999999999995 1.1394999999999997 17.005070000000007
-3.35358 -8.3526 5.488475 2.394 -1.225 15.514000000000001 -9.079 -15.783 1.704 2.583886901783054 3.5156969544283654 2.588013818937227 6.6430891636 12.29832445 6.664326449375 -3.4665 -8.3795 4.865 4.229608490156032 9.058932123048498 6.065285176725 2771.620997 -4886.436319 -1889.895982 17.88958798 82.06425121 36.787684275000004 3.53925 4.879500000000001 2.8009999999999997 1.7430000000000003 2.433 1.379 17.345125
-3.85915 -8.147845 5.532985 0.727 -1.225 15.514000000000001 -9.079 -16.798 1.704 2.3365667072409755 3.614323297029786 2.5651743120166612 5.4322462575 12.998016230974999 6.547218654775 -3.591 -7.488999999999999 4.865 4.50835723739812 8.909848167898264 6.095993902966112 3289.0307569999995 -4767.651039 -2238.208812 20.32528498 79.38539437499999 37.161141665 3.07 4.8652500000000005 2.782 1.5229999999999997 2.298000000000002 1.245 17.574609999999996
-3.711725 -7.428315 5.30947 0.287 -2.815 12.258 -8.753 -17.507 1.838 2.4875858429419124 3.1172588438035356 1.6634888623238138 6.157142909375 9.668716185774999 2.7533592190999996 -3.3129999999999997 -6.8469999999999995 5.095 4.464755915500869 8.052861598525086 5.5627179417978745 2725.5363409999995 -4014.3105360000004 -1934.371725 19.934045385 64.848579925 30.9438309 4.19025 3.8890000000000002 1.8674999999999997 2.088 1.9730000000000003 0.9665000000000008 16.455250000000003
2.45679 -9.19759 1.185955 11.165999999999999 -1.6280000000000001 12.027999999999999 -0.823 -26.49 -3.715 2.2512769231758494 5.8264874997569605 3.6540927591451733 5.042906545899999 33.7782168019 13.285631922975002 2.2405 -7.709 0.6890000000000001 3.328471668799361 10.879976039036112 3.8330302875140454 -2168.847275 -970.9020399999999 168.87522199999998 11.078723649999999 118.37387860999999 14.692121185 2.6525000000000003 7.178499999999999 4.8927499999999995 1.2255 3.3325 2.461 14.701794999999997
2.678025 -9.02185 1.0151 11.165999999999999 -1.6280000000000001 12.027999999999999 -2.145 -26.49 -5.995 2.508215689308931 5.264799390347463 4.136051762357976 6.2596902143749995 27.5795220575 17.02138956 2.662 -8.2645 0.5645 3.6649021971943525 10.439027707598056 4.248743057658346 -2241.4333890000003 -705.161782 190.34114499999998 13.431508115 108.97329948 18.05181757 2.8970000000000002 5.803250000000002 6.454000000000001 1.5034999999999998 2.9304999999999994 3.3705000000000003 15.287624999999993
2.90035 -9.476665 0.92849 8.81 -0.6509999999999999 10.668 -2.145 -31.451 -5.995 2.200928058591529 5.388002077273031 4.356623465483333 4.8198638975 28.885413552775002 18.8852671799 2.911 -8.523 0.8420000000000001 3.6375670468047723 10.894613030071328 4.443800272289474 -2890.521466 -817.1976910000001 288.29097400000006 13.23189402 118.692593075 19.74736086 2.4132500000000006 5.526000000000001 7.57475 1.2545 2.680999999999999 3.8495 16.156535
18.574015 7.652965 4.364515 39.189 39.228 31.125 -3.16 -39.208 -9.921 8.207870331068417 24.5693438547111 7.209918356215378 67.032289694775 600.634394163775 51.723008089775 18.886 7.2875 3.725 20.298431538298715 25.674934614425027 8.41260954014864 11291.497050000002 1898.1891640000003 7868.365922999999 412.026322915 659.202267455 70.771999275 10.401 42.52625 11.0995 4.999000000000002 21.232499999999998 5.430000000000001 46.83799499999999
11.465865 4.829315 5.332345 31.662 39.228 18.043 -3.16 -39.208 -9.921 7.5956058347414785 23.030922442414624 5.707517766177444 57.404761856774996 527.7712716057749 32.412880255975004 10.036 6.828 5.784 13.743028125380514 23.475381891994857 7.8004348247389395 2978.2933700000003 2399.1049140000005 6320.118960000001 188.870822055 551.093554975 60.846783455 10.90775 34.9465 7.182750000000001 5.076 17.161 3.6395 38.22298499999999
7.065525 1.570095 6.083875 22.659000000000002 39.228 22.908 -0.249 -39.208 -13.752 4.097834822260121 19.788108393297716 5.510507046444964 16.708288979375 389.611387615975 30.213859469375002 6.943 4.223 6.244 8.162716000511104 19.800923865441234 8.199231335009397 707.111799 681.378373 4412.517253 66.629932505 392.076585925 67.227394485 4.582750000000001 29.046999999999997 5.540000000000001 2.346 13.9535 2.7295 30.83998500000002
-8.030235 6.074565 4.26191 4.96 39.228 24.038 -37.599000000000004 -39.208 -30.378 9.391287087271518 21.88848229231713 9.133330398751806 87.755291789775 476.710128775775 83.00063555189999 -6.5504999999999995 3.2560000000000002 7.8435 12.338556072126106 22.662975725067525 10.05805708872245 -1580.2132769999998 2189.5257339999994 -2831.279609 152.239965945 513.610468715 101.1645124 16.18425 17.511249999999997 9.790999999999999 7.4315 10.649999999999999 4.788499999999999 34.17287000000001
-13.65899 6.63683 3.66643 4.96 39.228 27.065 -39.208 -39.208 -17.89 8.942920218253668 27.62703931418344 9.212443460213919 79.5759429199 759.4370347611001 84.4447689351 -13.273499999999999 13.905999999999999 3.102 16.313918926487286 28.345802991095535 9.89381007903426 -4818.080119 557.220142 -4023.1791730000004 266.14395074 803.48454721 97.88747788 10.314499999999997 48.1915 10.86425 5.258 23.703000000000003 5.668 46.75597999999998
-13.70918 5.469565 4.492935 0.7659999999999999 39.228 27.065 -39.208 -39.208 -12.89 8.09110278074894 27.83734461983023 7.110942783282014 65.1386144876 771.0431667057751 50.312679730774995 -13.398 11.549499999999998 3.964 15.908495553005633 28.301224496388848 8.396376876069821 -5648.270601 1512.007913 -5840.739658 253.08023076 800.959307995 70.499144645 9.672999999999998 50.02525 8.733 4.6165 24.709 4.502000000000001 45.387740000000015
-12.43503 4.87657 4.15234 4.328 39.228 15.84 -36.431 -39.208 -8.696 6.844004183621394 27.790474921941065 5.214014448363055 46.60619129909999 768.4489439050999 27.050016934399995 -12.4785 9.2605 4.3285 14.185773239411374 28.146578457602978 6.655219335979843 -4335.17862 950.4345659999999 -4980.569864 201.2361624 792.22987887 44.29194441 9.314 52.03675 6.048 4.6160000000000005 25.666 2.9400000000000004 42.88828000000002
-12.06586 4.574540000000001 4.78843 4.501 39.228 15.725 -26.145 -39.208 -6.876 7.172135710767633 28.036798540496775 4.808569631878394 51.18233300040001 782.1317620383999 23.006730195099998 -11.904 8.628499999999999 4.7885 14.02737717964409 28.338281144945967 6.777594858059901 -3108.394473000001 1470.8968990000003 -5587.458689 196.76731054 803.05817825 45.93579206 9.476499999999998 54.1485 5.21475 4.836499999999999 27.121499999999997 2.634 43.02842
-7.829515 0.8755700000000003 7.17823 4.501 39.228 31.049 -25.705 -39.208 -3.409 7.989946259891537 21.851682602902457 5.867944030306873 63.52004502977499 475.1085524151 34.2606033071 -3.5815 -2.681 7.134500000000001 11.17234756731995 21.81456337495665 9.262158994532538 391.455838 -174.495645 -5720.078059999999 124.821350165 475.87517524 85.78758924 11.750749999999998 19.65125 6.019 3.878 12.765500000000001 3.1985 32.138035
-5.633335 -6.33918 4.95504 0.191 -0.45899999999999996 15.112 -13.100999999999999 -15.189 1.8769999999999998 2.6713290018181537 2.7155091025496767 2.724964114539426 7.100318642774999 7.337119737600001 7.388302278399999 -5.324 -6.129 3.9935 6.231755921487941 6.89364365267019 5.651612484946221 3573.3948259999997 -2963.1988309999997 -2779.891131 38.834781865 47.52232281 31.94072368 2.0115000000000007 2.6527499999999993 2.1687500000000006 0.9770000000000003 1.3599999999999994 0.8240000000000001 16.931375000000003
-6.151725 -6.20857 5.03876 0.191 2.355 15.112 -13.732999999999999 -17.392 -0.057 3.5755491786605456 3.867218332764047 3.1532352855806933 12.720629169375 14.8806007451 9.8931783024 -5.209 -5.2095 4.089 7.110861385584733 7.3093735839673695 5.939888941722732 3913.865769 -2911.790027 -3157.9784369999998 50.564349645 53.42694219 35.282280639999996 5.9095 4.54475 3.792250000000001 2.681 1.9725000000000001 1.5990000000000002 17.463935000000003
-6.2404 -6.700895 4.597545 -0.478 2.355 14.365 -13.732999999999999 -19.479 -0.057 3.5128449765319463 4.264795351588356 3.14120299715278 12.27837943 18.097536993974998 9.817820487974998 -5.066 -5.439 3.8305000000000002 7.156882812370201 7.937224376001979 5.563743390470124 4056.797566 -3069.848249 -2784.303858 51.22097159 62.999530795 30.955240515 5.975249999999999 4.314750000000001 3.601 2.404 1.7525000000000002 1.7045000000000003 17.599899999999995
-6.26105 -6.659515 4.44938 -0.67 1.245 14.365 -13.886 -19.479 -0.517 3.3918752180725744 4.270557752491097 3.6132801166818 11.447293407499998 18.146475199775 12.990514235600001 -5.218999999999999 -5.362500000000001 3.466 7.116743673197736 7.905416828668807 5.726036728837845 4123.430254 -3067.537972 -2700.602078 50.64804051 62.495615235 32.78749662 5.60225 4.918249999999999 3.2515 2.0209999999999995 2.3564999999999987 1.6090000000000002 17.408625000000008
-6.53852 -6.7102450000000005 4.473685 -1.034 1.245 13.790999999999999 -15.475999999999999 -16.032 -0.517 3.2966173907057392 3.758446444123118 3.244907186503198 10.813347789599998 14.055290074975 10.476775535775 -5.3629999999999995 -6.377999999999999 3.5815 7.318851793826676 7.686525745419707 5.521832396496658 4551.045568 -3445.6077530000002 -2967.164335 53.565591579999996 59.082678035 30.490633015 5.3535 4.70725 3.563 1.9824999999999997 2.336999999999999 1.6759999999999997 17.761129999999994
-5.338585 -6.98815 4.800335 -1.704 -0.517 10.707 -15.475999999999999 -14.787 1.379 2.642865013612288 2.491783139353792 1.968522130856894 6.949811802775 6.1779382975 3.855703982775 -4.4915 -6.857 4.9795 5.954015586560047 7.417019530781886 5.186416884034681 3603.810797 -3544.562014 -2546.8160689999995 35.450301605 55.01217872 26.898920095 2.9112500000000003 2.19275 2.32275 1.0920000000000003 1.13 1.1684999999999999 17.127070000000007
-11.44506 -4.559825 0.062145 -3.926 1.819 5.132999999999999 -19.154 -9.845 -9.097999999999999 3.8156032994921625 2.9596405924635154 3.016429858196956 14.486034396400001 8.715675074375 9.053354843975 -11.1855 -5.1715 -0.21 12.061319695622034 5.432097118516934 3.009521032490055 5214.706978 -24.856791 -203.60639099999997 145.4754328 29.507679105 9.057216845 5.866000000000001 4.674000000000001 2.78575 2.8344999999999985 2.2310000000000003 1.081 18.245759999999997
-10.069755 -3.96721 0.394615 -3.543 1.819 7.853 -19.154 -9.845 -9.097999999999999 3.5093338606783364 2.7868847696841517 3.3501787662157696 12.253847024974998 7.727893085900002 11.167579276775 -9.797 -3.7345 -0.124 10.660854223982243 4.84423866773717 3.3650111849739837 4123.118796000001 -52.168931 -216.893289 113.653812785 23.46664827 11.323300275 4.831749999999999 4.1282499999999995 2.9387499999999998 2.385 1.9725000000000001 1.3024999999999998 16.565559999999998
-9.792595 -3.211195 1.614945 -3.543 -1.015 7.853 -15.706 -7.412000000000001 -1.4169999999999998 3.146101561640339 1.3551192300358907 2.205377822203792 9.848465260975 1.8271663869750001 4.839372881975 -10.3335 -3.179 1.11 10.283160122015023 3.484098120748038 2.7289961954902027 3229.723525 -466.79121599999996 -1542.821989 105.743382095 12.138939715 7.447420235 4.927750000000001 2.0500000000000003 3.75875 2.423 1.0245000000000002 1.6179999999999999 15.034795000000008
-9.73981 -3.419785 1.461365 -4.711 -1.551 4.462 -14.690999999999999 -7.412000000000001 -1.3019999999999998 2.731146762275039 1.2386181183035996 1.7245092060594862 7.4218668239 1.5265039687750002 2.9590623417749997 -9.941 -3.0545 1.1775 10.113642551524153 3.63612890516824 2.25713313851886 3410.96169 -513.240049 -1548.9018489999999 102.28576566 13.221433415 5.094650005 4.313999999999999 1.6472499999999997 3.22175 1.9730000000000008 0.7755000000000001 1.4075 14.917929999999998
-8.78459 -3.43259 1.64551 -5.861000000000001 -1.34 5.88 -14.672 -5.65 -0.363 2.274057989718603 0.9439297105144852 1.4588662321531 5.1454830418999995 0.8865482819 2.1176492299 -8.456 -3.0925000000000002 1.4645000000000001 9.072734125389104 3.559385114033041 2.196668475214228 3072.4166379999997 -546.6014640000001 -1385.048697 82.31450450999999 12.66922239 4.82535239 3.2802499999999988 1.4312500000000004 2.016 1.6664999999999996 0.7574999999999998 1.082 13.893610000000006
11.25784 3.2223 -1.289635 31.24 39.228 14.538 1.972 -38.385 -34.841 5.35278601806348 21.302193035002347 10.180425336987886 28.509056564399998 451.51451096000005 103.12285474177501 10.276 5.151999999999999 1.618 12.459856260406857 21.491806072315086 10.236503952766295 3262.4086049999996 -134.954966 -986.0010850000001 155.24801803 461.89772825 104.78601317500001 6.43075 30.2385 10.95475 3.0075 16.012500000000003 5.180999999999999 36.92083499999998
12.029475 1.9850850000000002 -2.433655 26.873 39.228 13.657 3.696 -39.208 -34.841 4.778395511854745 20.944786174061573 10.758926797088105 22.718898349374996 436.490647537775 115.17573329597501 11.300999999999998 -0.871 1.1205 12.939365020162313 20.986453011288017 11.004472270627067 2427.104029999999 18.460952000000002 -2560.901436 167.427167125 440.431209995 121.09840995500001 5.296749999999999 27.447000000000003 12.04725 2.7485000000000017 14.519 5.229 37.661414999999984
11.538005 1.5731750000000002 0.12349500000000006 25.186999999999998 39.228 11.875 2.47 -39.208 -25.647 4.817105763282371 22.013311094451023 7.444107045070438 23.088485394975 482.162936014375 55.13765604997499 11.2625 -1.1775 2.126 12.498561708252677 22.014491036474134 7.426500324176923 1405.2995890000004 303.18699599999997 140.27454000000006 156.214044775 484.637815595 55.152907064999994 5.9857499999999995 34.55325 8.044 3.2464999999999993 17.124000000000002 3.6674999999999995 36.317054999999996
10.118685 1.31949 3.252665 23.444000000000003 39.228 13.770999999999999 1.225 -39.208 -16.281 4.909639624451567 19.86347858020926 5.556246480090004 23.984038435775002 392.5849923999 30.717515572775 10.084 0.02899999999999997 4.2330000000000005 11.241522341969523 19.857644529500465 6.426301049203968 1354.6257680000003 214.61433900000043 3336.813266 126.371824565 394.32604626 41.297345175 6.6225000000000005 31.676000000000002 4.69275 3.3615 16.5685 2.509 32.34563999999998
11.661215 -3.67859 0.574745 20.82 1.34 3.907 4.213 -8.293 -1.781 4.044671781228277 1.9905496531128122 1.3819532168066366 16.277572968774997 3.9424764818999996 1.9002457199749998 10.8025 -3.39 0.3535 12.33942900806192 4.180251292685646 1.4935118128089917 -4543.81917 -223.954625 585.5662 152.261508245 17.47450087 2.230577535 5.942000000000002 2.5100000000000007 2.182 3.5339999999999994 1.283 1.0825 16.590089999999996
11.24399 -3.769695 0.844775 20.82 1.34 3.907 4.213 -7.834 -1.494 4.12490514462585 1.8809091333219874 1.3347622845120322 16.9297682399 3.5201300719749997 1.772682404375 11.2625 -3.9545 0.8135 11.973181672387668 4.210787392519362 1.576809184714498 -4396.752847 -303.308856 934.339504 143.35707936 17.730730465 2.486327205 6.747750000000002 2.9642500000000007 2.245 3.380999999999999 1.6375000000000002 1.1395 16.346359999999994
10.804035 -3.42775 0.631415 18.445 -0.8420000000000001 2.988 4.8069999999999995 -6.244 -1.3019999999999998 3.4987868369517936 1.3885120366346837 1.276850865779638 12.180301783774999 1.9183258475 1.6221963927749998 10.8795 -3.0735 0.593 11.35374273378607 3.6969982296452355 1.421577045045396 -3819.211146 -195.067179 584.560233 128.907474065 13.66779591 2.020881295 5.650999999999998 2.298 2.35975 2.835 1.0250000000000001 1.1869999999999998 15.420800000000007
10.85857 -3.465085 0.535255 16.3 -0.8420000000000001 2.6430000000000002 4.846 -7.355 -0.996 3.1668554771517172 1.3179880691901722 1.1341786880634315 9.9788287451 1.7284070877749997 1.279929489975 11.454 -3.3994999999999997 0.2965 11.308729866346615 3.7061059273852397 1.2515699760700556 -3866.764992 -181.412055 596.187792 127.88737119 13.735221145 1.566427405 4.731250000000001 1.78675 2.24 2.4140000000000006 0.9194999999999995 0.9285 15.330709999999995
2.01199 -9.42619 0.28456 7.087000000000001 4.079 14.193 -0.478 -26.93 -3.926 1.677913636261941 6.074215046080452 3.753585758529191 2.8013171998999997 36.711607983899995 14.018959016399998 1.8 -8.2165 -0.747 2.617139843416855 11.20556405987668 3.75498780424118 -1982.633684 -1.632877999999998 -4.205304000000034 6.84942096 125.5646659 14.09993341 2.41775 7.72875 4.4277500000000005 1.2544999999999997 3.801999999999999 1.982 14.34113999999999
2.374845 -9.391895 0.31143 13.465 -0.268 14.193 -0.478 -30.378 -6.627000000000001 2.420222540740529 5.887981949800874 3.906534251017372 5.828189760975 34.494989783975 15.1847048051 1.857 -8.734 -0.6605 3.3864551576833266 11.077124242103633 3.909180662236014 -2177.996159 -205.48385499999998 -2.1512719999999916 11.468078535 122.70268147499999 15.28169345 3.2845 7.024750000000001 4.352 1.5990000000000002 3.5530000000000004 2.1545 14.649530000000002
2.0207 -9.35052 1.020225 13.465 -0.287 12.929 -1.359 -30.378 -6.627000000000001 2.4397252563830145 5.298165248897312 3.37991286414622 5.922498030000001 27.9302022296 11.366691914375002 1.455 -8.8965 1.168 3.163182972892968 10.74069022456192 3.52243537414102 -1417.161911 -948.695767 143.277684 10.00572652 115.3624265 12.407550965 2.6525 7.6667499999999995 3.7967500000000003 1.206 3.8980000000000006 1.915 14.178035000000001
-5.32207 -0.5064249999999999 5.71713 2.068 39.228 17.756 -21.069000000000003 -39.208 -23.349 5.491535112750611 20.122128508009265 6.425506361611945 30.006173105099997 402.87555541437507 41.0806963431 -3.2945 -4.721 8.14 7.637447360866064 20.07814786515429 8.588729346067435 106.33439099999998 -662.856324 -3053.4323249999998 58.33060219 403.132021695 73.76627178 7.680249999999999 15.054000000000002 5.01825 3.112 7.173 2.7104999999999992 27.880994999999988
-9.80888 5.35622 4.867925 2.068 39.228 21.796999999999997 -30.761 -39.208 -9.251 5.400098654933545 26.225533056394877 5.5973770328264525 29.015260155600004 684.3396911716 31.173976499375 -9.232000000000001 11.933 4.865 11.190593684429796 26.702598822212032 7.407473948992329 -3002.711124 1204.9196 -4799.808088 125.22938701000001 713.02878386 54.870670305 6.886 43.2635 6.809500000000001 3.2844999999999986 19.095999999999997 3.3135000000000003 39.20207500000001
-10.99482 4.684035 4.235425 0.134 39.228 21.796999999999997 -30.761 -39.208 -13.542 6.031179449774056 26.61823673306824 6.243851916739043 36.1932499276 704.987874143775 38.790758324375 -10.4865 11.664000000000001 4.357 12.533128769784502 26.96160340233867 7.531904357796905 -3494.086781 747.3489889999998 -4432.998582 157.07931676 726.928058025 56.729583255 6.986750000000001 44.091750000000005 6.9094999999999995 3.514499999999999 21.240500000000004 3.4760000000000004 40.79657999999998
-8.92928 4.321705 4.982985 4.539 39.228 18.598 -28.329 -39.208 -13.542 6.501153811130752 24.986080463985115 6.1857288651167615 42.05367587159999 621.182695867975 38.071925384775 -8.274000000000001 8.475 5.612 11.035656627043089 25.295450776275963 7.931082202007491 -2903.3245989999996 1389.5801199999996 -4892.253068 121.78571719 639.859829975 62.902064895 8.098250000000002 35.353500000000004 6.981750000000002 4.061 19.1825 3.2760000000000002 37.31862999999999
-7.709825 4.66437 5.520575 4.539 39.228 18.598 -23.234 -39.208 -8.389 5.460644459580272 24.210108593802683 5.737823342341116 29.669544724375 583.1987113331 32.75800362437501 -7.757000000000001 8.8965 6.0520000000000005 9.439859440426005 24.595834176339704 7.952028166134725 -3705.340487 1813.926057 -4404.642013000001 89.110946255 604.95505883 63.234751955 7.618749999999999 31.4125 5.775 3.5820000000000003 17.027499999999996 2.8540000000000005 35.65805000000002
-6.191445 1.46935 6.46472 3.045 39.228 22.774 -22.581999999999997 -39.208 -8.389 5.214650228153842 21.563275652642837 5.007835964449532 27.056614116975 462.6499825875 24.953028941599996 -6.1095 0.35400000000000004 7.479000000000001 8.0864457770395 21.559428842388186 8.169800096697594 -71.659373 -78.075416 -4204.938717999999 65.390605305 464.80897201 66.74563362 8.274000000000001 20.829250000000002 5.286500000000001 4.5009999999999994 10.7925 2.3080000000000003 30.229965000000004
10.23483 2.94102 -2.63836 33.481 39.228 17.296 -6.723 -39.208 -36.584 6.746398508484092 22.283381572398422 11.04194148186107 45.2863233711 494.06634882960003 121.31484933040001 8.523 5.1325 -0.44 12.249002755326655 22.421327959556727 11.325890376478135 2567.7014289999997 69.27147500000001 -2025.8757460000002 150.0380685 502.71594747 128.27579282 7.326000000000001 33.16425 10.749 3.5629999999999997 16.2335 4.912000000000001 37.320660000000004
11.807305 5.3491550000000005 -0.798795 36.01 39.228 17.296 -4.4430000000000005 -39.208 -39.228 7.324898805754776 23.193567669229125 10.338345404924942 53.38587180197501 535.2518733209749 106.34697878297501 10.342500000000001 7.125 0.727 13.885183584130244 23.745848743201414 10.343357880060033 5128.333946 -204.0829790000003 -844.3827719999999 192.798323165 563.865332535 106.985052235 9.48675 35.38575 9.681750000000001 4.251500000000001 17.43 4.730999999999999 39.560525000000005
14.259715 4.709075 1.338635 36.01 39.228 26.873 -4.4430000000000005 -39.208 -39.228 8.834877279083015 24.75834584507407 11.028286983968949 77.664781253775 609.9108105393749 121.014998231775 13.599 6.282 2.298 16.763181474141472 25.141324505582435 11.081829356879668 6272.27508 90.55549300000052 2000.2825619999999 281.004253135 632.086197895 122.806941895 11.827500000000002 41.0325 9.656749999999999 6.0809999999999995 20.571 4.941000000000001 44.34664500000002
16.072045 4.818895 4.70112 35.665 39.228 26.873 -3.3710000000000004 -39.208 -39.189 7.724090128587816 24.044629522585016 10.04386108541509 59.363260472975 575.253487833975 100.3747497756 16.375999999999998 6.1 4.8555 17.823408511140624 24.463753531602638 11.066854974652923 6284.160369000001 567.4676380000003 7361.662114 317.673890955 598.475236855 122.47527903 9.462250000000001 39.19375 14.982 4.721500000000002 20.389000000000003 7.2105 45.9196
11.09811 -3.268195 1.5375 19.422 -0.42100000000000004 4.079 1.589 -6.531000000000001 -1.072 4.419008713268135 1.3581528865674355 1.4828296459114816 19.4299998179 1.835356366975 2.18778984 11.6165 -3.2175000000000002 1.9435000000000002 11.941442349649389 3.537860218408862 2.1334704333550065 -3506.6294989999997 -438.643502 1424.752762 142.59804539 12.516454925 4.55169609 6.196749999999998 2.049 2.5660000000000003 3.179499999999999 1.0534999999999999 1.1584999999999999 16.168305000000014
11.56347 -3.210645 0.71889 19.422 -0.42100000000000004 3.313 3.83 -6.665 -1.206 4.418149437417977 1.4641250457947974 1.2934429019492957 19.4224442291 2.1329438389749997 1.6646295678999996 12.095500000000001 -2.7095000000000002 0.42100000000000004 12.374824551079499 3.5272064236446385 1.4769672982161792 -3977.100637 -198.69356699999997 971.4085419999999 153.13628266999999 12.441185155 2.1814324 7.144499999999999 2.0974999999999997 2.3645 3.610499999999999 0.8135000000000003 1.014 15.924035000000005
11.017265 -3.52868 0.9124 18.617 -0.555 3.313 3.83 -6.665 -1.206 3.9844024607992496 1.4963720037034027 1.4177841618695848 15.796085654775 2.2279335276 2.00006137 11.395999999999999 -3.342 0.517 11.712224969449654 3.8313856592621933 1.6830137046382005 -4109.431442 -300.502387 1109.772082 137.176213735 14.67951607 2.83253513 5.903999999999998 2.4275 2.723 2.7590000000000003 1.1589999999999998 1.3305 15.892665
11.288495 -3.56538 1.261515 16.645 -0.555 3.217 4.194 -6.5120000000000005 -1.206 3.109465565089504 1.349820652743491 1.3305787533510922 9.620432219975 1.8129057156 1.7615876197749998 11.166500000000001 -3.6010000000000004 1.8479999999999999 11.706859168239788 3.8111468431431508 1.831121982556051 -4002.842389 -421.86877 1425.495622 137.050551585 14.52484026 3.353007715 4.659750000000001 2.20775 2.226 2.2215 1.1110000000000002 0.9289999999999998 16.41685000000001
11.260545 -3.506105 1.653965 20.169 0.708 8.102 6.492999999999999 -13.770999999999999 -1.2830000000000001 2.852422211091239 1.9337375464285056 1.625282603574656 8.095630907975 3.7206441939749992 2.628335823775 11.0515 -3.3034999999999997 1.992 11.614452402287416 4.001676706706827 2.3160172808077237 -4039.122499 -559.853286 1889.964079 134.895504605 16.013416465 5.363936045 4.261749999999999 1.5797499999999998 1.8820000000000001 2.107 0.7849999999999999 0.91 16.726124999999996
10.38432 -3.311605 1.27755 18.368 1.455 3.428 4.328 -6.263 -0.478 3.6018691361527626 1.4572866674510727 1.1038966830888992 12.9085939676 2.1130660089749997 1.2124949475 10.17 -3.4565 1.254 10.988298131648957 3.616599740778622 1.6866027837045685 -3423.782315 -419.987249 1342.8845469999999 120.74269583 13.079793685 2.84462895 6.010250000000002 2.2649999999999997 2.0404999999999998 3.0070000000000006 1.1685000000000003 1.025 15.083035000000002
10.70076 -3.28501 1.154545 16.913 -1.704 3.428 5.305 -7.412000000000001 -0.7659999999999999 2.8593541689896678 1.2396846291694494 1.1822764975071562 8.1350267324 1.5291338898999998 1.390788827975 10.7545 -2.9974999999999996 0.8905 11.074352861905743 3.5100462375871913 1.6503826783506905 -3532.564822 -417.250584 1316.014663 122.64129131 12.32042459 2.723762985 3.9557499999999983 1.5425000000000004 2.2167499999999998 1.9634999999999998 0.7469999999999997 0.9854999999999999 15.262494999999992
11.09478 -3.542925 1.15584 16.913 -1.704 4.003 5.956 -7.412000000000001 -0.804 2.826835447072242 1.2938634093229953 1.3245876401667094 7.9510436516 1.665712109375 1.7457597544 11.2335 -3.0829999999999997 1.0150000000000001 11.447496970953956 3.770680265548912 1.755484508618632 -4027.6879219999996 -461.680243 1374.948543 131.0451869 14.218029665 3.08172586 4.190250000000001 1.85825 2.1972500000000004 2.088 0.6990000000000001 1.12 16.03082500000001
10.940025 -3.7362 1.33849 16.836 -2.049 4.003 6.129 -6.435 -0.976 2.731450056550945 1.1835712248196582 1.6326310916145548 7.423515314374999 1.3938366400000002 2.6521568599 11.176 -3.275 1.168 11.27420340046249 3.9182938991351848 2.1080114658132207 -4210.935068000001 -494.256841 1536.495901 127.107662315 15.35302708 4.44371234 3.7399999999999984 2.0737499999999995 3.2457499999999997 1.9255000000000004 0.7375000000000003 1.6179999999999999 16.355025000000005
2.98468 -8.770950000000001 2.659605 7.47 0.134 19.039 -0.555 -21.605999999999998 -3.237 1.9269755163997335 5.142291146822928 4.668381940101767 3.6946684675999997 26.3109424475 21.684820988974998 2.9015 -7.949 2.26 3.5500680514604226 10.16073355373518 5.362678411484319 -2455.153246 -1964.3749690000002 705.8178330000001 12.60298317 103.24050635 28.758319745 2.82475 7.144999999999999 5.554250000000001 1.4170000000000003 3.5435000000000003 2.6240000000000006 15.709145000000005
3.327595 -8.89668 3.26246 9.347000000000001 0.134 18.962 -1.685 -23.425 -4.98 2.349312965105985 5.566174674778968 4.841202471000994 5.491675050975 30.827389007600004 23.3200551584 3.2844999999999995 -8.447000000000001 2.8339999999999996 4.069958665023517 10.487054115908814 5.827838399441084 -2907.8811339999997 -2392.3471879999997 958.6524549999999 16.564563535 109.97830403 33.96370041 3.170000000000001 8.32275 5.4535 1.5804999999999996 4.156499999999999 2.9484999999999997 16.691015000000004
3.5368399999999998 -8.975605 2.97372 10.305 1.168 18.962 -1.685 -25.819000000000003 -7.297000000000001 2.407587320937643 6.066106835497819 5.581447954423628 5.767494324399999 36.613663878975004 30.9967984616 3.083 -8.561 1.8575 4.275129414415429 10.824747063788603 6.311878412960757 -2917.446581 -2339.372137 962.733344 18.27673151 117.175148995 39.8398091 3.2467499999999996 7.71 7.196250000000001 1.5990000000000002 4.089499999999999 3.1795 17.36478499999999
-3.308365 2.066535 8.22005 5.631 39.228 13.005 -21.586 -39.208 0.498 6.110494437698205 18.215924948169988 2.6601056875327758 37.151451561775 330.16082210877505 7.0407814575 0.7945 0.057 9.883 6.9351806418434405 18.2874653523937 8.637708229617392 15.435729999999996 1394.8155579999998 -2292.788495 48.096730535 334.431389015 74.61000346 7.637250000000001 8.64675 3.32275 0.354 1.1880000000000002 0.3829999999999991 24.09424
-8.536505 3.5866900000000004 5.74821 5.631 39.228 13.005 -26.394000000000002 -39.208 -0.823 6.518264280938276 26.986855898014518 2.921436623585756 42.275330389975004 724.6489393039 8.4921179859 -9.3565 8.3505 6.0045 10.730668572134732 27.157195813632892 6.444690542609478 -292.13794700000005 1263.7875740000004 -4909.6984840000005 115.147248005 737.51328446 41.53403619 8.744 43.9915 4.2330000000000005 4.2330000000000005 23.233 2.0305 38.77269500000002
-9.424005 3.89828 5.826755 4.194 39.228 11.32 -26.394000000000002 -39.208 -0.823 6.332025301359772 27.46784397664342 2.6538168615502165 39.894071694975 750.7100404616 7.007530214975 -10.7455 8.0445 6.3685 11.344864121486868 27.67501811056317 6.3998909400864 -810.7967770000001 2178.542175 -5471.806627 128.705941935 765.90662742 40.958604045 7.51775 47.4105 3.4099999999999993 3.63 23.301000000000002 1.5035000000000003 40.14881999999999
-9.127464999999999 4.7186900000000005 6.923415 3.332 39.228 15.572000000000001 -23.826999999999998 -39.208 -1.436 5.564913847439339 26.80771926001012 2.864945469900346 30.813424798775 715.0605428639001 8.166872982775 -10.113 8.225999999999999 7.067 10.68288547748219 27.153758085760437 7.4900299228374205 -2079.471672 2430.918863 -6534.966769000001 114.124042125 737.32657818 56.100548245 7.1015 45.06825 2.5527500000000005 3.16 22.487499999999997 1.2930000000000006 40.11754999999999
-8.01413 4.52659 7.636725 2.6039999999999996 39.228 15.572000000000001 -19.633 -39.208 -1.436 5.523344475412552 24.710446290613746 3.358853821521076 30.354797523099997 607.5531251019 11.225489499375001 -9.059 5.899 7.221 9.725280313697905 25.0607889367035 8.339367975152555 -1522.0099670000002 3643.195079 -6256.903926000001 94.58107718 628.04314213 69.545058225 9.496250000000002 35.6785 3.9415000000000004 4.502000000000001 17.7265 1.9535 36.639894999999996
-4.29936 0.28368 8.590025 2.6039999999999996 39.228 22.621 -19.633 -39.113 -0.632 5.08472389870189 16.3464852103214 3.3389802184004247 25.7251450404 265.8715408376 11.093044954375 -2.011 -2.3365 8.6 6.649033121439534 16.30803529490906 9.213119691776503 29.11034599999998 -446.700715 -3842.7883949999996 44.20964145 265.95201518 84.88157445499999 5.899500000000001 9.412500000000001 3.2125000000000012 1.245 3.649 1.6279999999999992 23.819295
-6.05827 -7.777045 4.507585 -2.451 1.723 7.622999999999999 -12.870999999999999 -17.143 0.6890000000000001 2.283996985164649 4.77219081227046 1.4297447158628314 5.190559017099999 22.659936122974997 2.033949102775 -5.3245000000000005 -7.8045 4.2995 6.47249522286421 9.11824352904659 4.727818908862731 4525.761144 -3391.493824 -2625.6392320000004 41.89319441 83.142365055 22.352271635 2.6525 5.732 2.1069999999999993 1.2355000000000005 2.6910000000000003 1.0055000000000003 18.442269999999997
-6.634625 -7.832315 4.99909 -0.191 1.723 9.079 -12.870999999999999 -17.143 0.6890000000000001 2.6547838747217094 5.379746830061129 1.888156446306461 7.012638034375 28.796967575774996 3.5473090919000003 -6.205500000000001 -7.2204999999999995 5.018 7.143590618519509 9.4943207147747 5.342116614226986 5302.658418000001 -4184.767026 -3280.9264890000004 51.030886925 90.142125835 28.53820992 3.218000000000001 10.2 3.06975 1.3310000000000004 4.971 1.5130000000000008 19.564819999999994
-6.625125 -6.86101 5.151065 -0.191 2.106 10.19 -12.833 -16.012 1.2830000000000001 2.325787837421654 4.781522235054608 2.0855568555577237 5.382242619374999 22.748640109900002 4.327799660775001 -6.579 -6.167 5.0945 7.019581460813742 8.35596184349833 5.555292098080891 4565.978260999999 -3593.8388699999996 -3412.914338 49.274523885 69.82209833 30.861270295 2.931000000000001 7.57 3.1799999999999997 1.4940000000000002 3.3999999999999995 1.6475000000000004 18.792649999999995
-6.50692 -6.797365 5.316345 -2.145 2.106 10.86 -10.075 -16.3 1.2830000000000001 1.7763538664619931 4.651864298216372 1.9833720121722858 3.1396558935999996 21.531642241775 3.914095715975 -6.579 -6.502 5.2860000000000005 6.743861192225119 8.230176983819975 5.672532051474013 4412.363961999999 -3473.540005 -3493.7808489999998 45.47966378 67.735813185 32.177619875 2.2125000000000004 7.101749999999999 2.68225 1.101 3.4669999999999996 1.3124999999999991 18.811860000000003
-6.21522 -7.04786 4.92847 -1.8 0.919 10.86 -10.649000000000001 -17.123 1.8 1.8259116980966608 4.260098163447769 1.786581514130594 3.3172837615999997 18.0576941804 3.175914139099999 -6.225 -6.694000000000001 4.865 6.476591959510802 8.229825317708753 5.24077577081867 4519.168345 -3415.7285229999998 -3050.778863 41.94624341 67.73002476 27.46573068 2.0927500000000006 6.37325 2.6619999999999995 1.0625000000000004 3.1320000000000006 1.312 18.246080000000003
2.30777 -8.955785 2.0218 12.985999999999999 -0.325 11.205 -1.34 -29.555 -8.293 2.5442586696304974 5.640922908093166 4.469707170604666 6.440885917100001 31.660911198775 19.87839078 2.0679999999999996 -8.466000000000001 1.9055 3.430260673768102 10.576719537030376 4.895514888139958 -2140.746411 -1623.345996 399.119193 11.76668829 111.866996165 23.96606602 3.24175 7.226000000000001 6.885499999999999 1.6280000000000006 3.4765 3.371 15.420345
1.947335 -9.73542 2.509285 5.247999999999999 -0.861 10.956 -1.34 -22.276 -3.39 1.6751495253968185 4.585215108537199 3.6933198985656124 2.792095302775 20.9190766036 13.572408813775 1.972 -9.672 1.781 2.5659713375250313 10.756276269229977 4.457456676738427 -1877.595266 -2266.562221 386.480435 6.584208905 115.69747918 19.868920025 2.6335 4.81275 5.194 1.3309999999999997 2.3369999999999997 2.193 15.203009999999992
2.05065 -10.224915 1.30419 5.765 -0.153 10.956 -1.685 -22.276 -4.769 1.6746918827085926 4.642774943247112 3.541950964805333 2.7905699374999995 21.447582377774996 12.4826895539 1.982 -10.218499999999999 0.7849999999999999 2.6449452470703427 11.224814881992486 3.7661122009308237 -2416.767957 -1412.3254339999999 208.95869000000002 6.995735359999999 125.996469135 14.18360111 2.13575 4.860499999999999 3.47575 1.14 2.5570000000000004 1.59 15.201115000000001
-10.84466 -3.2334300000000002 1.072565 -4.731 -0.45899999999999996 4.635 -20.418 -10.822000000000001 -1.7619999999999998 3.269660342939455 2.434611360666716 1.6461234241125604 10.6372253644 5.8976958151000005 2.6961737157749996 -10.2755 -2.5660000000000003 0.737 11.324481263174926 4.043855261999372 1.9612672931041295 3667.233456 -258.169475 -1133.6346389999999 128.24387588 16.35276538 3.846569395 4.400499999999999 3.43375 2.8825000000000003 2.2410000000000005 1.3790000000000004 1.4075 15.645664999999987
-10.751395 -3.7193650000000003 0.952645 -4.731 -0.555 4.52 -20.418 -10.822000000000001 -1.455 3.6959662296656806 2.569708702529194 1.7988246159561663 13.591865538975 6.570385801775001 3.219591148975 -10.4865 -2.5755 0.5265 11.36592978972684 4.517085543245776 2.03153233914698 4271.649327 -296.51581 -1056.8157179999998 129.184359985 20.404061805 4.127123645 5.750749999999999 4.085 2.89575 2.8825000000000007 1.4180000000000001 1.3784999999999998 16.052245
-10.88373 -3.66945 1.43317 -3.428 0.67 4.673 -19.326 -8.906 -1.455 3.6728295100849366 2.438195682967676 1.9691664616962545 13.4222282271 5.915074197500001 3.8582284711 -11.147 -2.7479999999999998 1.5604999999999998 11.48380629146974 4.402265041998266 2.431502564259393 4177.080255 -417.334021 -1578.410301 131.87780694 19.3799375 5.91220472 4.817000000000002 3.9697499999999994 3.7817499999999997 2.471 1.8099999999999998 1.9915 16.541230000000002
-11.05676 -3.78031 1.6454 -3.217 26.566999999999997 21.625 -21.835 -9.826 -1.57 4.446482029039684 4.405343926352089 2.8268979020728215 19.672346422399997 19.310019833899997 7.95139499 -10.3045 -4.405 1.513 11.913198064331842 5.796616558821189 3.2647719905071484 4418.3925930000005 -608.779655 -1736.249314 141.92428812 33.60076353 10.65873615 5.84225 3.9070000000000005 2.4890000000000003 2.7490000000000006 1.9445 1.3784999999999998 17.66300000000001
-10.249885 -3.1404 1.50579 -3.217 26.566999999999997 21.625 -21.835 -9.826 -3.486 4.09723437570053 4.179685022154433 2.9758039622949037 16.703392881775 17.38241805 8.8111321759 -9.519 -3.2560000000000002 1.206 11.034651575604917 5.219629317298305 3.3284434350008114 3290.826882 -473.7688370000001 -1634.6593990000001 121.763535395 27.244530209999997 11.0785357 4.098749999999999 2.682 2.5612500000000002 2.078 1.3409999999999993 1.2635 16.232135000000003
-9.32254 -2.304395 1.48315 -2.47 0.996 5.229 -19.058 -4.6160000000000005 -3.486 3.731577742812451 1.3148077066637966 2.0257445228506223 13.855049088400001 1.7200757089749998 4.0831226675 -8.8295 -2.4800000000000004 1.1295 10.038167220165246 2.651473557288475 2.506562704182761 2213.8018979999997 -328.54693 -1335.346186 100.76480114 7.030312025 6.28285659 4.3767499999999995 1.6802500000000002 2.7922499999999997 2.1064999999999996 0.7759999999999998 1.3205 13.579825000000001
-9.293235 -2.818795 1.731715 -2.47 0.996 5.229 -19.058 -5.899 -1.4169999999999998 3.3807974156407266 1.6058253260751374 1.49183714395891 11.372642209775002 2.565781602975 2.214450173775 -9.174 -2.8055000000000003 1.5985 9.886195374106254 3.242126902975885 2.2832623622790265 2501.162836 -480.729488 -1654.039777 97.736858975 10.511386855 5.213287015 3.7589999999999995 1.90075 2.4367499999999995 1.9155000000000006 0.9485000000000003 1.2155 13.96983499999999
